Sample in Buffer,Sample in Window,TRIGGER,ads422x_db[11:0]
Radix - UNSIGNED,UNSIGNED,UNSIGNED,SIGNED
0,0,0,5
1,1,0,-1
2,2,0,21
3,3,0,16
4,4,0,18
5,5,0,20
6,6,0,26
7,7,0,20
8,8,0,10
9,9,0,9
10,10,0,10
11,11,0,14
12,12,0,1
13,13,0,8
14,14,0,5
15,15,0,9
16,16,0,7
17,17,0,2
18,18,0,11
19,19,0,11
20,20,0,11
21,21,0,16
22,22,0,14
23,23,0,10
24,24,0,18
25,25,0,3
26,26,0,14
27,27,0,12
28,28,0,18
29,29,0,12
30,30,0,10
31,31,0,13
32,32,0,14
33,33,0,7
34,34,0,19
35,35,0,17
36,36,0,21
37,37,0,13
38,38,0,7
39,39,0,16
40,40,0,22
41,41,0,35
42,42,0,27
43,43,0,33
44,44,0,22
45,45,0,16
46,46,0,6
47,47,0,5
48,48,0,16
49,49,0,17
50,50,0,7
51,51,0,7
52,52,0,19
53,53,0,13
54,54,0,12
55,55,0,11
56,56,0,20
57,57,0,7
58,58,0,16
59,59,0,19
60,60,0,6
61,61,0,15
62,62,0,12
63,63,0,8
64,64,0,2
65,65,0,12
66,66,0,9
67,67,0,10
68,68,0,7
69,69,0,16
70,70,0,15
71,71,0,16
72,72,0,14
73,73,0,12
74,74,0,12
75,75,0,21
76,76,0,18
77,77,0,16
78,78,0,2
79,79,0,5
80,80,0,6
81,81,0,12
82,82,0,19
83,83,0,3
84,84,0,12
85,85,0,-2
86,86,0,5
87,87,0,-12
88,88,0,-2
89,89,0,8
90,90,0,9
91,91,0,13
92,92,0,10
93,93,0,9
94,94,0,9
95,95,0,12
96,96,0,10
97,97,0,14
98,98,0,9
99,99,0,0
100,100,0,12
101,101,0,1
102,102,0,6
103,103,0,16
104,104,0,10
105,105,0,14
106,106,0,11
107,107,0,5
108,108,0,1
109,109,0,10
110,110,0,6
111,111,0,10
112,112,0,8
113,113,0,17
114,114,0,13
115,115,0,13
116,116,0,12
117,117,0,16
118,118,0,14
119,119,0,9
120,120,0,17
121,121,0,26
122,122,0,21
123,123,0,20
124,124,0,14
125,125,0,16
126,126,0,7
127,127,0,5
128,128,0,3
129,129,0,12
130,130,0,14
131,131,0,13
132,132,0,6
133,133,0,6
134,134,0,11
135,135,0,10
136,136,0,15
137,137,0,10
138,138,0,16
139,139,0,7
140,140,0,11
141,141,0,13
142,142,0,17
143,143,0,14
144,144,0,13
145,145,0,11
146,146,0,8
147,147,0,18
148,148,0,17
149,149,0,16
150,150,0,20
151,151,0,9
152,152,0,4
153,153,0,15
154,154,0,12
155,155,0,15
156,156,0,13
157,157,0,7
158,158,0,10
159,159,0,15
160,160,0,10
161,161,0,3
162,162,0,14
163,163,0,13
164,164,0,8
165,165,0,10
166,166,0,14
167,167,0,-1
168,168,0,4
169,169,0,23
170,170,0,17
171,171,0,7
172,172,0,18
173,173,0,3
174,174,0,-4
175,175,0,10
176,176,0,18
177,177,0,8
178,178,0,18
179,179,0,16
180,180,0,18
181,181,0,11
182,182,0,3
183,183,0,16
184,184,0,4
185,185,0,11
186,186,0,7
187,187,0,7
188,188,0,3
189,189,0,14
190,190,0,14
191,191,0,8
192,192,0,21
193,193,0,22
194,194,0,20
195,195,0,22
196,196,0,18
197,197,0,16
198,198,0,18
199,199,0,8
200,200,0,14
201,201,0,16
202,202,0,18
203,203,0,19
204,204,0,8
205,205,0,11
206,206,0,9
207,207,0,18
208,208,0,12
209,209,0,6
210,210,0,17
211,211,0,4
212,212,0,14
213,213,0,13
214,214,0,18
215,215,0,13
216,216,0,18
217,217,0,14
218,218,0,23
219,219,0,11
220,220,0,9
221,221,0,22
222,222,0,22
223,223,0,12
224,224,0,4
225,225,0,13
226,226,0,15
227,227,0,6
228,228,0,17
229,229,0,5
230,230,0,19
231,231,0,16
232,232,0,13
233,233,0,11
234,234,0,11
235,235,0,-2
236,236,0,8
237,237,0,11
238,238,0,4
239,239,0,3
240,240,0,6
241,241,0,15
242,242,0,10
243,243,0,5
244,244,0,4
245,245,0,5
246,246,0,19
247,247,0,13
248,248,0,16
249,249,0,7
250,250,0,4
251,251,0,4
252,252,0,6
253,253,0,15
254,254,0,9
255,255,0,7
256,256,0,6
257,257,0,9
258,258,0,10
259,259,0,1
260,260,0,16
261,261,0,16
262,262,0,11
263,263,0,16
264,264,0,8
265,265,0,2
266,266,0,10
267,267,0,6
268,268,0,16
269,269,0,10
270,270,0,3
271,271,0,9
272,272,0,10
273,273,0,8
274,274,0,12
275,275,0,9
276,276,0,14
277,277,0,11
278,278,0,6
279,279,0,12
280,280,0,17
281,281,0,16
282,282,0,12
283,283,0,17
284,284,0,17
285,285,0,16
286,286,0,21
287,287,0,15
288,288,0,16
289,289,0,9
290,290,0,12
291,291,0,15
292,292,0,14
293,293,0,9
294,294,0,6
295,295,0,9
296,296,0,23
297,297,0,18
298,298,0,8
299,299,0,15
300,300,0,9
301,301,0,6
302,302,0,13
303,303,0,10
304,304,0,11
305,305,0,9
306,306,0,19
307,307,0,10
308,308,0,21
309,309,0,18
310,310,0,11
311,311,0,12
312,312,0,16
313,313,0,14
314,314,0,9
315,315,0,9
316,316,0,4
317,317,0,4
318,318,0,13
319,319,0,16
320,320,0,11
321,321,0,7
322,322,0,4
323,323,0,11
324,324,0,16
325,325,0,12
326,326,0,19
327,327,0,13
328,328,0,12
329,329,0,8
330,330,0,11
331,331,0,15
332,332,0,21
333,333,0,5
334,334,0,7
335,335,0,4
336,336,0,4
337,337,0,5
338,338,0,17
339,339,0,17
340,340,0,9
341,341,0,10
342,342,0,12
343,343,0,16
344,344,0,18
345,345,0,24
346,346,0,21
347,347,0,13
348,348,0,9
349,349,0,21
350,350,0,16
351,351,0,23
352,352,0,17
353,353,0,17
354,354,0,14
355,355,0,17
356,356,0,8
357,357,0,16
358,358,0,18
359,359,0,14
360,360,0,15
361,361,0,9
362,362,0,17
363,363,0,14
364,364,0,10
365,365,0,16
366,366,0,11
367,367,0,10
368,368,0,16
369,369,0,9
370,370,0,18
371,371,0,14
372,372,0,12
373,373,0,22
374,374,0,27
375,375,0,17
376,376,0,18
377,377,0,9
378,378,0,21
379,379,0,15
380,380,0,10
381,381,0,10
382,382,0,20
383,383,0,12
384,384,0,8
385,385,0,9
386,386,0,14
387,387,0,14
388,388,0,9
389,389,0,3
390,390,0,-2
391,391,0,1
392,392,0,10
393,393,0,2
394,394,0,4
395,395,0,14
396,396,0,11
397,397,0,10
398,398,0,12
399,399,0,6
400,400,0,14
401,401,0,9
402,402,0,6
403,403,0,1
404,404,0,7
405,405,0,14
406,406,0,8
407,407,0,11
408,408,0,15
409,409,0,9
410,410,0,12
411,411,0,5
412,412,0,7
413,413,0,21
414,414,0,12
415,415,0,9
416,416,0,13
417,417,0,13
418,418,0,14
419,419,0,12
420,420,0,16
421,421,0,10
422,422,0,27
423,423,0,11
424,424,0,14
425,425,0,9
426,426,0,12
427,427,0,7
428,428,0,9
429,429,0,20
430,430,0,17
431,431,0,15
432,432,0,13
433,433,0,14
434,434,0,14
435,435,0,22
436,436,0,14
437,437,0,19
438,438,0,16
439,439,0,8
440,440,0,13
441,441,0,12
442,442,0,21
443,443,0,16
444,444,0,12
445,445,0,11
446,446,0,15
447,447,0,12
448,448,0,13
449,449,0,14
450,450,0,14
451,451,0,16
452,452,0,11
453,453,0,17
454,454,0,17
455,455,0,7
456,456,0,17
457,457,0,9
458,458,0,10
459,459,0,14
460,460,0,20
461,461,0,14
462,462,0,16
463,463,0,7
464,464,0,-1
465,465,0,7
466,466,0,1
467,467,0,11
468,468,0,7
469,469,0,13
470,470,0,16
471,471,0,11
472,472,0,12
473,473,0,10
474,474,0,-1
475,475,0,6
476,476,0,7
477,477,0,1
478,478,0,9
479,479,0,11
480,480,0,8
481,481,0,13
482,482,0,10
483,483,0,4
484,484,0,15
485,485,0,18
486,486,0,15
487,487,0,9
488,488,0,8
489,489,0,7
490,490,0,14
491,491,0,18
492,492,0,13
493,493,0,6
494,494,0,9
495,495,0,18
496,496,0,6
497,497,0,3
498,498,0,3
499,499,0,4
500,500,0,5
501,501,0,8
502,502,0,5
503,503,0,5
504,504,0,19
505,505,0,7
506,506,0,11
507,507,0,14
508,508,0,21
509,509,0,19
510,510,0,16
511,511,0,17
512,512,0,11
513,513,0,5
514,514,0,16
515,515,0,13
516,516,0,11
517,517,0,15
518,518,0,10
519,519,0,15
520,520,0,9
521,521,0,23
522,522,0,11
523,523,0,16
524,524,0,16
525,525,0,18
526,526,0,14
527,527,0,12
528,528,0,13
529,529,0,20
530,530,0,18
531,531,0,9
532,532,0,10
533,533,0,8
534,534,0,11
535,535,0,15
536,536,0,11
537,537,0,17
538,538,0,20
539,539,0,6
540,540,0,12
541,541,0,14
542,542,0,9
543,543,0,12
544,544,0,18
545,545,0,18
546,546,0,11
547,547,0,15
548,548,0,12
549,549,0,15
550,550,0,3
551,551,0,2
552,552,0,7
553,553,0,4
554,554,0,10
555,555,0,5
556,556,0,3
557,557,0,8
558,558,0,4
559,559,0,12
560,560,0,1
561,561,0,13
562,562,0,5
563,563,0,5
564,564,0,-8
565,565,0,3
566,566,0,11
567,567,0,12
568,568,0,3
569,569,0,8
570,570,0,7
571,571,0,8
572,572,0,4
573,573,0,2
574,574,0,4
575,575,0,6
576,576,0,4
577,577,0,3
578,578,0,16
579,579,0,14
580,580,0,1
581,581,0,14
582,582,0,12
583,583,0,13
584,584,0,4
585,585,0,9
586,586,0,9
587,587,0,7
588,588,0,8
589,589,0,11
590,590,0,7
591,591,0,15
592,592,0,9
593,593,0,13
594,594,0,16
595,595,0,19
596,596,0,17
597,597,0,18
598,598,0,11
599,599,0,16
600,600,0,13
601,601,0,3
602,602,0,9
603,603,0,19
604,604,0,25
605,605,0,29
606,606,0,27
607,607,0,23
608,608,0,15
609,609,0,16
610,610,0,14
611,611,0,10
612,612,0,13
613,613,0,6
614,614,0,12
615,615,0,18
616,616,0,18
617,617,0,14
618,618,0,8
619,619,0,12
620,620,0,18
621,621,0,11
622,622,0,10
623,623,0,10
624,624,0,12
625,625,0,5
626,626,0,9
627,627,0,8
628,628,0,6
629,629,0,6
630,630,0,15
631,631,0,17
632,632,0,13
633,633,0,8
634,634,0,-4
635,635,0,-4
636,636,0,14
637,637,0,4
638,638,0,-6
639,639,0,3
640,640,0,7
641,641,0,8
642,642,0,1
643,643,0,2
644,644,0,4
645,645,0,13
646,646,0,12
647,647,0,10
648,648,0,10
649,649,0,4
650,650,0,8
651,651,0,8
652,652,0,4
653,653,0,10
654,654,0,12
655,655,0,16
656,656,0,3
657,657,0,9
658,658,0,19
659,659,0,5
660,660,0,13
661,661,0,14
662,662,0,2
663,663,0,4
664,664,0,13
665,665,0,7
666,666,0,16
667,667,0,15
668,668,0,9
669,669,0,12
670,670,0,16
671,671,0,4
672,672,0,6
673,673,0,14
674,674,0,6
675,675,0,16
676,676,0,17
677,677,0,18
678,678,0,20
679,679,0,9
680,680,0,19
681,681,0,15
682,682,0,12
683,683,0,6
684,684,0,5
685,685,0,9
686,686,0,14
687,687,0,22
688,688,0,17
689,689,0,11
690,690,0,25
691,691,0,15
692,692,0,17
693,693,0,11
694,694,0,18
695,695,0,20
696,696,0,16
697,697,0,24
698,698,0,15
699,699,0,15
700,700,0,13
701,701,0,10
702,702,0,10
703,703,0,16
704,704,0,9
705,705,0,15
706,706,0,8
707,707,0,6
708,708,0,12
709,709,0,5
710,710,0,15
711,711,0,22
712,712,0,4
713,713,0,11
714,714,0,10
715,715,0,6
716,716,0,14
717,717,0,11
718,718,0,-2
719,719,0,12
720,720,0,5
721,721,0,19
722,722,0,15
723,723,0,11
724,724,0,8
725,725,0,20
726,726,0,20
727,727,0,27
728,728,0,3
729,729,0,-1
730,730,0,8
731,731,0,9
732,732,0,11
733,733,0,11
734,734,0,11
735,735,0,15
736,736,0,6
737,737,0,8
738,738,0,10
739,739,0,7
740,740,0,6
741,741,0,17
742,742,0,18
743,743,0,9
744,744,0,8
745,745,0,17
746,746,0,0
747,747,0,15
748,748,0,20
749,749,0,11
750,750,0,2
751,751,0,7
752,752,0,7
753,753,0,18
754,754,0,8
755,755,0,15
756,756,0,19
757,757,0,16
758,758,0,12
759,759,0,11
760,760,0,17
761,761,0,15
762,762,0,19
763,763,0,16
764,764,0,23
765,765,0,20
766,766,0,13
767,767,0,17
768,768,0,28
769,769,0,8
770,770,0,15
771,771,0,15
772,772,0,18
773,773,0,13
774,774,0,14
775,775,0,10
776,776,0,9
777,777,0,5
778,778,0,20
779,779,0,12
780,780,0,13
781,781,0,5
782,782,0,13
783,783,0,13
784,784,0,11
785,785,0,10
786,786,0,3
787,787,0,10
788,788,0,19
789,789,0,6
790,790,0,18
791,791,0,9
792,792,0,9
793,793,0,6
794,794,0,6
795,795,0,1
796,796,0,9
797,797,0,14
798,798,0,6
799,799,0,6
800,800,0,-1
801,801,0,10
802,802,0,2
803,803,0,11
804,804,0,-8
805,805,0,2
806,806,0,0
807,807,0,13
808,808,0,6
809,809,0,12
810,810,0,0
811,811,0,6
812,812,0,5
813,813,0,4
814,814,0,4
815,815,0,9
816,816,0,7
817,817,0,13
818,818,0,2
819,819,0,12
820,820,0,10
821,821,0,11
822,822,0,27
823,823,0,10
824,824,0,9
825,825,0,11
826,826,0,12
827,827,0,9
828,828,0,15
829,829,0,17
830,830,0,14
831,831,0,19
832,832,0,17
833,833,0,9
834,834,0,10
835,835,0,19
836,836,0,15
837,837,0,16
838,838,0,27
839,839,0,23
840,840,0,18
841,841,0,6
842,842,0,14
843,843,0,14
844,844,0,14
845,845,0,17
846,846,0,20
847,847,0,19
848,848,0,14
849,849,0,27
850,850,0,19
851,851,0,18
852,852,0,14
853,853,0,13
854,854,0,10
855,855,0,13
856,856,0,16
857,857,0,17
858,858,0,14
859,859,0,8
860,860,0,7
861,861,0,12
862,862,0,13
863,863,0,17
864,864,0,14
865,865,0,13
866,866,0,7
867,867,0,7
868,868,0,5
869,869,0,13
870,870,0,16
871,871,0,14
872,872,0,10
873,873,0,8
874,874,0,6
875,875,0,9
876,876,0,12
877,877,0,6
878,878,0,16
879,879,0,2
880,880,0,5
881,881,0,4
882,882,0,6
883,883,0,-2
884,884,0,19
885,885,0,13
886,886,0,5
887,887,0,4
888,888,0,8
889,889,0,16
890,890,0,11
891,891,0,5
892,892,0,2
893,893,0,-3
894,894,0,14
895,895,0,12
896,896,0,18
897,897,0,5
898,898,0,16
899,899,0,8
900,900,0,12
901,901,0,15
902,902,0,18
903,903,0,17
904,904,0,20
905,905,0,10
906,906,0,15
907,907,0,13
908,908,0,17
909,909,0,19
910,910,0,9
911,911,0,17
912,912,0,16
913,913,0,11
914,914,0,12
915,915,0,15
916,916,0,12
917,917,0,18
918,918,0,12
919,919,0,11
920,920,0,19
921,921,0,15
922,922,0,11
923,923,0,17
924,924,0,14
925,925,0,9
926,926,0,14
927,927,0,18
928,928,0,12
929,929,0,22
930,930,0,14
931,931,0,16
932,932,0,10
933,933,0,8
934,934,0,4
935,935,0,14
936,936,0,11
937,937,0,13
938,938,0,19
939,939,0,16
940,940,0,15
941,941,0,1
942,942,0,19
943,943,0,11
944,944,0,15
945,945,0,19
946,946,0,26
947,947,0,13
948,948,0,8
949,949,0,12
950,950,0,-3
951,951,0,5
952,952,0,19
953,953,0,8
954,954,0,21
955,955,0,19
956,956,0,21
957,957,0,24
958,958,0,20
959,959,0,22
960,960,0,15
961,961,0,13
962,962,0,4
963,963,0,0
964,964,0,10
965,965,0,1
966,966,0,11
967,967,0,12
968,968,0,0
969,969,0,13
970,970,0,6
971,971,0,3
972,972,0,5
973,973,0,16
974,974,0,12
975,975,0,13
976,976,0,10
977,977,0,-6
978,978,0,7
979,979,0,10
980,980,0,13
981,981,0,-1
982,982,0,0
983,983,0,-4
984,984,0,13
985,985,0,10
986,986,0,14
987,987,0,22
988,988,0,21
989,989,0,13
990,990,0,19
991,991,0,10
992,992,0,7
993,993,0,9
994,994,0,4
995,995,0,19
996,996,0,12
997,997,0,15
998,998,0,21
999,999,0,18
1000,1000,0,16
1001,1001,0,27
1002,1002,0,11
1003,1003,0,19
1004,1004,0,18
1005,1005,0,6
1006,1006,0,7
1007,1007,0,17
1008,1008,0,17
1009,1009,0,17
1010,1010,0,29
1011,1011,0,19
1012,1012,0,20
1013,1013,0,10
1014,1014,0,18
1015,1015,0,17
1016,1016,0,13
1017,1017,0,12
1018,1018,0,17
1019,1019,0,12
1020,1020,0,8
1021,1021,0,19
1022,1022,0,15
1023,1023,0,38
1024,1024,0,18
1025,1025,0,17
1026,1026,0,15
1027,1027,0,15
1028,1028,0,17
1029,1029,0,10
1030,1030,0,8
1031,1031,0,12
1032,1032,0,10
1033,1033,0,5
1034,1034,0,7
1035,1035,0,4
1036,1036,0,6
1037,1037,0,5
1038,1038,0,18
1039,1039,0,16
1040,1040,0,7
1041,1041,0,10
1042,1042,0,11
1043,1043,0,3
1044,1044,0,12
1045,1045,0,16
1046,1046,0,10
1047,1047,0,10
1048,1048,0,3
1049,1049,0,11
1050,1050,0,9
1051,1051,0,4
1052,1052,0,7
1053,1053,0,13
1054,1054,0,12
1055,1055,0,15
1056,1056,0,6
1057,1057,0,4
1058,1058,0,6
1059,1059,0,21
1060,1060,0,6
1061,1061,0,12
1062,1062,0,12
1063,1063,0,9
1064,1064,0,11
1065,1065,0,22
1066,1066,0,14
1067,1067,0,19
1068,1068,0,18
1069,1069,0,10
1070,1070,0,11
1071,1071,0,16
1072,1072,0,16
1073,1073,0,15
1074,1074,0,13
1075,1075,0,17
1076,1076,0,16
1077,1077,0,14
1078,1078,0,13
1079,1079,0,18
1080,1080,0,11
1081,1081,0,19
1082,1082,0,17
1083,1083,0,12
1084,1084,0,22
1085,1085,0,26
1086,1086,0,12
1087,1087,0,22
1088,1088,0,11
1089,1089,0,24
1090,1090,0,16
1091,1091,0,20
1092,1092,0,14
1093,1093,0,13
1094,1094,0,12
1095,1095,0,15
1096,1096,0,17
1097,1097,0,11
1098,1098,0,13
1099,1099,0,13
1100,1100,0,7
1101,1101,0,11
1102,1102,0,18
1103,1103,0,17
1104,1104,0,9
1105,1105,0,4
1106,1106,0,15
1107,1107,0,4
1108,1108,0,8
1109,1109,0,15
1110,1110,0,15
1111,1111,0,10
1112,1112,0,8
1113,1113,0,15
1114,1114,0,20
1115,1115,0,12
1116,1116,0,15
1117,1117,0,14
1118,1118,0,15
1119,1119,0,21
1120,1120,0,6
1121,1121,0,14
1122,1122,0,8
1123,1123,0,14
1124,1124,0,10
1125,1125,0,3
1126,1126,0,9
1127,1127,0,0
1128,1128,0,6
1129,1129,0,9
1130,1130,0,20
1131,1131,0,9
1132,1132,0,24
1133,1133,0,8
1134,1134,0,-2
1135,1135,0,2
1136,1136,0,13
1137,1137,0,7
1138,1138,0,10
1139,1139,0,3
1140,1140,0,2
1141,1141,0,17
1142,1142,0,7
1143,1143,0,1
1144,1144,0,6
1145,1145,0,2
1146,1146,0,6
1147,1147,0,25
1148,1148,0,20
1149,1149,0,17
1150,1150,0,21
1151,1151,0,15
1152,1152,0,14
1153,1153,0,8
1154,1154,0,13
1155,1155,0,20
1156,1156,0,14
1157,1157,0,18
1158,1158,0,13
1159,1159,0,15
1160,1160,0,13
1161,1161,0,18
1162,1162,0,20
1163,1163,0,15
1164,1164,0,15
1165,1165,0,11
1166,1166,0,12
1167,1167,0,12
1168,1168,0,15
1169,1169,0,14
1170,1170,0,9
1171,1171,0,8
1172,1172,0,2
1173,1173,0,26
1174,1174,0,23
1175,1175,0,13
1176,1176,0,14
1177,1177,0,17
1178,1178,0,10
1179,1179,0,9
1180,1180,0,14
1181,1181,0,14
1182,1182,0,9
1183,1183,0,17
1184,1184,0,8
1185,1185,0,8
1186,1186,0,17
1187,1187,0,12
1188,1188,0,10
1189,1189,0,15
1190,1190,0,18
1191,1191,0,13
1192,1192,0,3
1193,1193,0,-4
1194,1194,0,12
1195,1195,0,10
1196,1196,0,12
1197,1197,0,3
1198,1198,0,4
1199,1199,0,14
1200,1200,0,-1
1201,1201,0,4
1202,1202,0,11
1203,1203,0,9
1204,1204,0,-7
1205,1205,0,5
1206,1206,0,11
1207,1207,0,14
1208,1208,0,3
1209,1209,0,19
1210,1210,0,20
1211,1211,0,22
1212,1212,0,22
1213,1213,0,7
1214,1214,0,18
1215,1215,0,3
1216,1216,0,16
1217,1217,0,6
1218,1218,0,6
1219,1219,0,7
1220,1220,0,8
1221,1221,0,11
1222,1222,0,13
1223,1223,0,16
1224,1224,0,10
1225,1225,0,18
1226,1226,0,10
1227,1227,0,7
1228,1228,0,16
1229,1229,0,12
1230,1230,0,8
1231,1231,0,8
1232,1232,0,16
1233,1233,0,9
1234,1234,0,12
1235,1235,0,12
1236,1236,0,13
1237,1237,0,17
1238,1238,0,14
1239,1239,0,12
1240,1240,0,13
1241,1241,0,8
1242,1242,0,26
1243,1243,0,15
1244,1244,0,15
1245,1245,0,9
1246,1246,0,13
1247,1247,0,19
1248,1248,0,9
1249,1249,0,9
1250,1250,0,23
1251,1251,0,18
1252,1252,0,9
1253,1253,0,5
1254,1254,0,15
1255,1255,0,13
1256,1256,0,9
1257,1257,0,15
1258,1258,0,16
1259,1259,0,21
1260,1260,0,15
1261,1261,0,16
1262,1262,0,2
1263,1263,0,11
1264,1264,0,2
1265,1265,0,12
1266,1266,0,17
1267,1267,0,6
1268,1268,0,7
1269,1269,0,15
1270,1270,0,13
1271,1271,0,10
1272,1272,0,7
1273,1273,0,14
1274,1274,0,11
1275,1275,0,18
1276,1276,0,8
1277,1277,0,11
1278,1278,0,9
1279,1279,0,10
1280,1280,0,9
1281,1281,0,5
1282,1282,0,7
1283,1283,0,5
1284,1284,0,3
1285,1285,0,-1
1286,1286,0,4
1287,1287,0,8
1288,1288,0,-3
1289,1289,0,14
1290,1290,0,6
1291,1291,0,12
1292,1292,0,8
1293,1293,0,10
1294,1294,0,8
1295,1295,0,17
1296,1296,0,8
1297,1297,0,14
1298,1298,0,12
1299,1299,0,11
1300,1300,0,8
1301,1301,0,12
1302,1302,0,12
1303,1303,0,6
1304,1304,0,6
1305,1305,0,12
1306,1306,0,7
1307,1307,0,14
1308,1308,0,15
1309,1309,0,16
1310,1310,0,11
1311,1311,0,5
1312,1312,0,8
1313,1313,0,11
1314,1314,0,11
1315,1315,0,11
1316,1316,0,11
1317,1317,0,15
1318,1318,0,28
1319,1319,0,24
1320,1320,0,16
1321,1321,0,18
1322,1322,0,19
1323,1323,0,15
1324,1324,0,17
1325,1325,0,9
1326,1326,0,12
1327,1327,0,7
1328,1328,0,16
1329,1329,0,10
1330,1330,0,17
1331,1331,0,8
1332,1332,0,11
1333,1333,0,9
1334,1334,0,13
1335,1335,0,9
1336,1336,0,3
1337,1337,0,13
1338,1338,0,18
1339,1339,0,14
1340,1340,0,22
1341,1341,0,20
1342,1342,0,22
1343,1343,0,6
1344,1344,0,2
1345,1345,0,9
1346,1346,0,23
1347,1347,0,20
1348,1348,0,16
1349,1349,0,14
1350,1350,0,15
1351,1351,0,9
1352,1352,0,12
1353,1353,0,20
1354,1354,0,17
1355,1355,0,6
1356,1356,0,3
1357,1357,0,5
1358,1358,0,19
1359,1359,0,9
1360,1360,0,16
1361,1361,0,12
1362,1362,0,14
1363,1363,0,6
1364,1364,0,1
1365,1365,0,-1
1366,1366,0,2
1367,1367,0,1
1368,1368,0,13
1369,1369,0,15
1370,1370,0,10
1371,1371,0,4
1372,1372,0,10
1373,1373,0,-1
1374,1374,0,11
1375,1375,0,2
1376,1376,0,8
1377,1377,0,11
1378,1378,0,10
1379,1379,0,8
1380,1380,0,17
1381,1381,0,15
1382,1382,0,24
1383,1383,0,15
1384,1384,0,22
1385,1385,0,13
1386,1386,0,14
1387,1387,0,19
1388,1388,0,20
1389,1389,0,17
1390,1390,0,25
1391,1391,0,25
1392,1392,0,15
1393,1393,0,16
1394,1394,0,21
1395,1395,0,18
1396,1396,0,10
1397,1397,0,12
1398,1398,0,16
1399,1399,0,10
1400,1400,0,18
1401,1401,0,17
1402,1402,0,15
1403,1403,0,18
1404,1404,0,15
1405,1405,0,15
1406,1406,0,16
1407,1407,0,13
1408,1408,0,12
1409,1409,0,15
1410,1410,0,17
1411,1411,0,10
1412,1412,0,13
1413,1413,0,16
1414,1414,0,16
1415,1415,0,19
1416,1416,0,18
1417,1417,0,20
1418,1418,0,16
1419,1419,0,17
1420,1420,0,15
1421,1421,0,10
1422,1422,0,9
1423,1423,0,19
1424,1424,0,11
1425,1425,0,14
1426,1426,0,9
1427,1427,0,12
1428,1428,0,19
1429,1429,0,23
1430,1430,0,20
1431,1431,0,12
1432,1432,0,20
1433,1433,0,24
1434,1434,0,1
1435,1435,0,13
1436,1436,0,7
1437,1437,0,20
1438,1438,0,16
1439,1439,0,7
1440,1440,0,20
1441,1441,0,10
1442,1442,0,16
1443,1443,0,21
1444,1444,0,10
1445,1445,0,6
1446,1446,0,6
1447,1447,0,13
1448,1448,0,13
1449,1449,0,11
1450,1450,0,11
1451,1451,0,14
1452,1452,0,6
1453,1453,0,3
1454,1454,0,9
1455,1455,0,11
1456,1456,0,9
1457,1457,0,14
1458,1458,0,15
1459,1459,0,14
1460,1460,0,18
1461,1461,0,17
1462,1462,0,9
1463,1463,0,10
1464,1464,0,16
1465,1465,0,11
1466,1466,0,13
1467,1467,0,17
1468,1468,0,11
1469,1469,0,-1
1470,1470,0,14
1471,1471,0,24
1472,1472,0,24
1473,1473,0,14
1474,1474,0,13
1475,1475,0,12
1476,1476,0,10
1477,1477,0,22
1478,1478,0,8
1479,1479,0,15
1480,1480,0,19
1481,1481,0,16
1482,1482,0,23
1483,1483,0,14
1484,1484,0,14
1485,1485,0,18
1486,1486,0,19
1487,1487,0,14
1488,1488,0,17
1489,1489,0,17
1490,1490,0,9
1491,1491,0,5
1492,1492,0,9
1493,1493,0,13
1494,1494,0,15
1495,1495,0,20
1496,1496,0,18
1497,1497,0,16
1498,1498,0,14
1499,1499,0,25
1500,1500,0,19
1501,1501,0,19
1502,1502,0,14
1503,1503,0,6
1504,1504,0,5
1505,1505,0,12
1506,1506,0,15
1507,1507,0,24
1508,1508,0,10
1509,1509,0,10
1510,1510,0,13
1511,1511,0,8
1512,1512,0,13
1513,1513,0,8
1514,1514,0,6
1515,1515,0,16
1516,1516,0,12
1517,1517,0,7
1518,1518,0,2
1519,1519,0,14
1520,1520,0,9
1521,1521,0,23
1522,1522,0,7
1523,1523,0,11
1524,1524,0,1
1525,1525,0,6
1526,1526,0,11
1527,1527,0,11
1528,1528,0,6
1529,1529,0,-1
1530,1530,0,1
1531,1531,0,7
1532,1532,0,7
1533,1533,0,9
1534,1534,0,4
1535,1535,0,14
1536,1536,0,8
1537,1537,0,11
1538,1538,0,11
1539,1539,0,13
1540,1540,0,12
1541,1541,0,9
1542,1542,0,0
1543,1543,0,13
1544,1544,0,6
1545,1545,0,19
1546,1546,0,9
1547,1547,0,9
1548,1548,0,19
1549,1549,0,7
1550,1550,0,11
1551,1551,0,17
1552,1552,0,20
1553,1553,0,22
1554,1554,0,15
1555,1555,0,15
1556,1556,0,16
1557,1557,0,18
1558,1558,0,23
1559,1559,0,23
1560,1560,0,16
1561,1561,0,22
1562,1562,0,18
1563,1563,0,23
1564,1564,0,22
1565,1565,0,23
1566,1566,0,32
1567,1567,0,19
1568,1568,0,22
1569,1569,0,18
1570,1570,0,23
1571,1571,0,17
1572,1572,0,13
1573,1573,0,15
1574,1574,0,17
1575,1575,0,27
1576,1576,0,15
1577,1577,0,18
1578,1578,0,9
1579,1579,0,12
1580,1580,0,13
1581,1581,0,14
1582,1582,0,23
1583,1583,0,17
1584,1584,0,19
1585,1585,0,14
1586,1586,0,3
1587,1587,0,13
1588,1588,0,17
1589,1589,0,15
1590,1590,0,14
1591,1591,0,11
1592,1592,0,30
1593,1593,0,13
1594,1594,0,14
1595,1595,0,7
1596,1596,0,1
1597,1597,0,2
1598,1598,0,2
1599,1599,0,11
1600,1600,0,7
1601,1601,0,-1
1602,1602,0,9
1603,1603,0,3
1604,1604,0,12
1605,1605,0,16
1606,1606,0,18
1607,1607,0,3
1608,1608,0,10
1609,1609,0,4
1610,1610,0,8
1611,1611,0,6
1612,1612,0,10
1613,1613,0,10
1614,1614,0,9
1615,1615,0,2
1616,1616,0,20
1617,1617,0,13
1618,1618,0,12
1619,1619,0,5
1620,1620,0,4
1621,1621,0,4
1622,1622,0,8
1623,1623,0,14
1624,1624,0,12
1625,1625,0,11
1626,1626,0,13
1627,1627,0,18
1628,1628,0,9
1629,1629,0,19
1630,1630,0,3
1631,1631,0,11
1632,1632,0,17
1633,1633,0,11
1634,1634,0,18
1635,1635,0,13
1636,1636,0,12
1637,1637,0,14
1638,1638,0,6
1639,1639,0,13
1640,1640,0,12
1641,1641,0,12
1642,1642,0,18
1643,1643,0,18
1644,1644,0,14
1645,1645,0,16
1646,1646,0,15
1647,1647,0,17
1648,1648,0,15
1649,1649,0,20
1650,1650,0,21
1651,1651,0,24
1652,1652,0,20
1653,1653,0,16
1654,1654,0,1
1655,1655,0,22
1656,1656,0,16
1657,1657,0,0
1658,1658,0,18
1659,1659,0,7
1660,1660,0,7
1661,1661,0,13
1662,1662,0,12
1663,1663,0,17
1664,1664,0,8
1665,1665,0,9
1666,1666,0,8
1667,1667,0,15
1668,1668,0,17
1669,1669,0,14
1670,1670,0,2
1671,1671,0,11
1672,1672,0,11
1673,1673,0,4
1674,1674,0,1
1675,1675,0,11
1676,1676,0,9
1677,1677,0,14
1678,1678,0,3
1679,1679,0,8
1680,1680,0,6
1681,1681,0,13
1682,1682,0,1
1683,1683,0,7
1684,1684,0,1
1685,1685,0,11
1686,1686,0,6
1687,1687,0,7
1688,1688,0,2
1689,1689,0,8
1690,1690,0,0
1691,1691,0,-1
1692,1692,0,11
1693,1693,0,12
1694,1694,0,8
1695,1695,0,16
1696,1696,0,8
1697,1697,0,-2
1698,1698,0,4
1699,1699,0,19
1700,1700,0,22
1701,1701,0,20
1702,1702,0,21
1703,1703,0,12
1704,1704,0,11
1705,1705,0,16
1706,1706,0,14
1707,1707,0,26
1708,1708,0,15
1709,1709,0,9
1710,1710,0,4
1711,1711,0,5
1712,1712,0,12
1713,1713,0,12
1714,1714,0,24
1715,1715,0,18
1716,1716,0,24
1717,1717,0,19
1718,1718,0,6
1719,1719,0,18
1720,1720,0,7
1721,1721,0,17
1722,1722,0,6
1723,1723,0,11
1724,1724,0,18
1725,1725,0,17
1726,1726,0,14
1727,1727,0,20
1728,1728,0,9
1729,1729,0,14
1730,1730,0,17
1731,1731,0,13
1732,1732,0,12
1733,1733,0,17
1734,1734,0,11
1735,1735,0,22
1736,1736,0,11
1737,1737,0,11
1738,1738,0,9
1739,1739,0,10
1740,1740,0,16
1741,1741,0,11
1742,1742,0,13
1743,1743,0,6
1744,1744,0,15
1745,1745,0,12
1746,1746,0,18
1747,1747,0,16
1748,1748,0,6
1749,1749,0,6
1750,1750,0,7
1751,1751,0,10
1752,1752,0,5
1753,1753,0,0
1754,1754,0,1
1755,1755,0,7
1756,1756,0,2
1757,1757,0,2
1758,1758,0,4
1759,1759,0,4
1760,1760,0,13
1761,1761,0,4
1762,1762,0,1
1763,1763,0,4
1764,1764,0,11
1765,1765,0,0
1766,1766,0,3
1767,1767,0,10
1768,1768,0,9
1769,1769,0,2
1770,1770,0,4
1771,1771,0,4
1772,1772,0,4
1773,1773,0,5
1774,1774,0,8
1775,1775,0,8
1776,1776,0,2
1777,1777,0,5
1778,1778,0,5
1779,1779,0,-9
1780,1780,0,4
1781,1781,0,15
1782,1782,0,10
1783,1783,0,12
1784,1784,0,10
1785,1785,0,11
1786,1786,0,11
1787,1787,0,18
1788,1788,0,20
1789,1789,0,16
1790,1790,0,12
1791,1791,0,10
1792,1792,0,13
1793,1793,0,8
1794,1794,0,9
1795,1795,0,13
1796,1796,0,18
1797,1797,0,16
1798,1798,0,11
1799,1799,0,18
1800,1800,0,13
1801,1801,0,9
1802,1802,0,10
1803,1803,0,11
1804,1804,0,19
1805,1805,0,14
1806,1806,0,13
1807,1807,0,8
1808,1808,0,12
1809,1809,0,10
1810,1810,0,16
1811,1811,0,27
1812,1812,0,21
1813,1813,0,22
1814,1814,0,19
1815,1815,0,6
1816,1816,0,20
1817,1817,0,18
1818,1818,0,18
1819,1819,0,12
1820,1820,0,28
1821,1821,0,19
1822,1822,0,17
1823,1823,0,9
1824,1824,0,13
1825,1825,0,6
1826,1826,0,7
1827,1827,0,11
1828,1828,0,8
1829,1829,0,6
1830,1830,0,11
1831,1831,0,9
1832,1832,0,3
1833,1833,0,17
1834,1834,0,15
1835,1835,0,1
1836,1836,0,8
1837,1837,0,3
1838,1838,0,12
1839,1839,0,6
1840,1840,0,12
1841,1841,0,-3
1842,1842,0,14
1843,1843,0,6
1844,1844,0,10
1845,1845,0,8
1846,1846,0,16
1847,1847,0,7
1848,1848,0,5
1849,1849,0,7
1850,1850,0,7
1851,1851,0,13
1852,1852,0,18
1853,1853,0,3
1854,1854,0,4
1855,1855,0,10
1856,1856,0,3
1857,1857,0,8
1858,1858,0,0
1859,1859,0,10
1860,1860,0,13
1861,1861,0,16
1862,1862,0,3
1863,1863,0,7
1864,1864,0,8
1865,1865,0,23
1866,1866,0,5
1867,1867,0,12
1868,1868,0,7
1869,1869,0,10
1870,1870,0,10
1871,1871,0,20
1872,1872,0,11
1873,1873,0,8
1874,1874,0,26
1875,1875,0,11
1876,1876,0,16
1877,1877,0,26
1878,1878,0,12
1879,1879,0,10
1880,1880,0,13
1881,1881,0,15
1882,1882,0,18
1883,1883,0,18
1884,1884,0,22
1885,1885,0,18
1886,1886,0,18
1887,1887,0,21
1888,1888,0,17
1889,1889,0,16
1890,1890,0,13
1891,1891,0,6
1892,1892,0,15
1893,1893,0,12
1894,1894,0,6
1895,1895,0,13
1896,1896,0,11
1897,1897,0,10
1898,1898,0,16
1899,1899,0,16
1900,1900,0,15
1901,1901,0,6
1902,1902,0,20
1903,1903,0,13
1904,1904,0,16
1905,1905,0,17
1906,1906,0,7
1907,1907,0,5
1908,1908,0,22
1909,1909,0,17
1910,1910,0,28
1911,1911,0,29
1912,1912,0,19
1913,1913,0,15
1914,1914,0,14
1915,1915,0,12
1916,1916,0,8
1917,1917,0,2
1918,1918,0,11
1919,1919,0,-2
1920,1920,0,8
1921,1921,0,9
1922,1922,0,6
1923,1923,0,0
1924,1924,0,8
1925,1925,0,6
1926,1926,0,13
1927,1927,0,-1
1928,1928,0,12
1929,1929,0,15
1930,1930,0,3
1931,1931,0,4
1932,1932,0,14
1933,1933,0,5
1934,1934,0,17
1935,1935,0,11
1936,1936,0,13
1937,1937,0,6
1938,1938,0,17
1939,1939,0,21
1940,1940,0,5
1941,1941,0,9
1942,1942,0,7
1943,1943,0,8
1944,1944,0,14
1945,1945,0,18
1946,1946,0,17
1947,1947,0,10
1948,1948,0,7
1949,1949,0,11
1950,1950,0,6
1951,1951,0,9
1952,1952,0,21
1953,1953,0,19
1954,1954,0,11
1955,1955,0,19
1956,1956,0,11
1957,1957,0,16
1958,1958,0,18
1959,1959,0,22
1960,1960,0,11
1961,1961,0,14
1962,1962,0,18
1963,1963,0,25
1964,1964,0,17
1965,1965,0,26
1966,1966,0,12
1967,1967,0,20
1968,1968,0,12
1969,1969,0,20
1970,1970,0,18
1971,1971,0,22
1972,1972,0,20
1973,1973,0,16
1974,1974,0,17
1975,1975,0,17
1976,1976,0,16
1977,1977,0,17
1978,1978,0,13
1979,1979,0,17
1980,1980,0,23
1981,1981,0,24
1982,1982,0,20
1983,1983,0,20
1984,1984,0,13
1985,1985,0,6
1986,1986,0,0
1987,1987,0,13
1988,1988,0,2
1989,1989,0,13
1990,1990,0,11
1991,1991,0,12
1992,1992,0,16
1993,1993,0,11
1994,1994,0,8
1995,1995,0,15
1996,1996,0,11
1997,1997,0,9
1998,1998,0,6
1999,1999,0,7
2000,2000,0,4
2001,2001,0,8
2002,2002,0,8
2003,2003,0,12
2004,2004,0,17
2005,2005,0,9
2006,2006,0,16
2007,2007,0,1
2008,2008,0,-3
2009,2009,0,16
2010,2010,0,3
2011,2011,0,4
2012,2012,0,10
2013,2013,0,2
2014,2014,0,7
2015,2015,0,5
2016,2016,0,2
2017,2017,0,-1
2018,2018,0,9
2019,2019,0,12
2020,2020,0,18
2021,2021,0,10
2022,2022,0,13
2023,2023,0,9
2024,2024,0,7
2025,2025,0,16
2026,2026,0,22
2027,2027,0,22
2028,2028,0,14
2029,2029,0,11
2030,2030,0,20
2031,2031,0,21
2032,2032,0,14
2033,2033,0,2
2034,2034,0,11
2035,2035,0,9
2036,2036,0,9
2037,2037,0,16
2038,2038,0,11
2039,2039,0,9
2040,2040,0,18
2041,2041,0,11
2042,2042,0,19
2043,2043,0,14
2044,2044,0,15
2045,2045,0,20
2046,2046,0,13
2047,2047,0,15
2048,2048,0,8
2049,2049,0,9
2050,2050,0,13
2051,2051,0,11
2052,2052,0,8
2053,2053,0,23
2054,2054,0,21
2055,2055,0,24
2056,2056,0,18
2057,2057,0,10
2058,2058,0,13
2059,2059,0,5
2060,2060,0,11
2061,2061,0,12
2062,2062,0,14
2063,2063,0,11
2064,2064,0,10
2065,2065,0,6
2066,2066,0,13
2067,2067,0,11
2068,2068,0,16
2069,2069,0,14
2070,2070,0,14
2071,2071,0,25
2072,2072,0,6
2073,2073,0,14
2074,2074,0,6
2075,2075,0,11
2076,2076,0,7
2077,2077,0,5
2078,2078,0,9
2079,2079,0,9
2080,2080,0,12
2081,2081,0,7
2082,2082,0,11
2083,2083,0,16
2084,2084,0,10
2085,2085,0,9
2086,2086,0,6
2087,2087,0,11
2088,2088,0,5
2089,2089,0,12
2090,2090,0,23
2091,2091,0,13
2092,2092,0,6
2093,2093,0,0
2094,2094,0,11
2095,2095,0,8
2096,2096,0,8
2097,2097,0,12
2098,2098,0,9
2099,2099,0,15
2100,2100,0,6
2101,2101,0,10
2102,2102,0,4
2103,2103,0,7
2104,2104,0,17
2105,2105,0,14
2106,2106,0,9
2107,2107,0,12
2108,2108,0,7
2109,2109,0,7
2110,2110,0,11
2111,2111,0,18
2112,2112,0,20
2113,2113,0,17
2114,2114,0,18
2115,2115,0,12
2116,2116,0,9
2117,2117,0,7
2118,2118,0,12
2119,2119,0,18
2120,2120,0,21
2121,2121,0,19
2122,2122,0,20
2123,2123,0,10
2124,2124,0,11
2125,2125,0,26
2126,2126,0,16
2127,2127,0,28
2128,2128,0,14
2129,2129,0,17
2130,2130,0,19
2131,2131,0,22
2132,2132,0,11
2133,2133,0,19
2134,2134,0,15
2135,2135,0,21
2136,2136,0,9
2137,2137,0,15
2138,2138,0,19
2139,2139,0,8
2140,2140,0,9
2141,2141,0,11
2142,2142,0,20
2143,2143,0,24
2144,2144,0,24
2145,2145,0,20
2146,2146,0,25
2147,2147,0,18
2148,2148,0,7
2149,2149,0,4
2150,2150,0,3
2151,2151,0,3
2152,2152,0,11
2153,2153,0,27
2154,2154,0,14
2155,2155,0,15
2156,2156,0,10
2157,2157,0,8
2158,2158,0,-3
2159,2159,0,4
2160,2160,0,8
2161,2161,0,12
2162,2162,0,8
2163,2163,0,13
2164,2164,0,4
2165,2165,0,6
2166,2166,0,9
2167,2167,0,14
2168,2168,0,8
2169,2169,0,10
2170,2170,0,-2
2171,2171,0,7
2172,2172,0,13
2173,2173,0,15
2174,2174,0,12
2175,2175,0,23
2176,2176,0,24
2177,2177,0,21
2178,2178,0,19
2179,2179,0,10
2180,2180,0,19
2181,2181,0,13
2182,2182,0,9
2183,2183,0,18
2184,2184,0,7
2185,2185,0,21
2186,2186,0,21
2187,2187,0,9
2188,2188,0,12
2189,2189,0,20
2190,2190,0,7
2191,2191,0,8
2192,2192,0,14
2193,2193,0,13
2194,2194,0,25
2195,2195,0,25
2196,2196,0,20
2197,2197,0,5
2198,2198,0,13
2199,2199,0,14
2200,2200,0,12
2201,2201,0,16
2202,2202,0,11
2203,2203,0,12
2204,2204,0,14
2205,2205,0,11
2206,2206,0,19
2207,2207,0,17
2208,2208,0,17
2209,2209,0,19
2210,2210,0,17
2211,2211,0,23
2212,2212,0,15
2213,2213,0,15
2214,2214,0,16
2215,2215,0,17
2216,2216,0,11
2217,2217,0,15
2218,2218,0,14
2219,2219,0,12
2220,2220,0,16
2221,2221,0,23
2222,2222,0,17
2223,2223,0,18
2224,2224,0,15
2225,2225,0,4
2226,2226,0,12
2227,2227,0,12
2228,2228,0,13
2229,2229,0,22
2230,2230,0,6
2231,2231,0,10
2232,2232,0,10
2233,2233,0,9
2234,2234,0,7
2235,2235,0,8
2236,2236,0,16
2237,2237,0,12
2238,2238,0,12
2239,2239,0,14
2240,2240,0,13
2241,2241,0,8
2242,2242,0,1
2243,2243,0,8
2244,2244,0,4
2245,2245,0,10
2246,2246,0,12
2247,2247,0,15
2248,2248,0,4
2249,2249,0,2
2250,2250,0,8
2251,2251,0,-1
2252,2252,0,6
2253,2253,0,3
2254,2254,0,10
2255,2255,0,18
2256,2256,0,6
2257,2257,0,11
2258,2258,0,14
2259,2259,0,11
2260,2260,0,15
2261,2261,0,17
2262,2262,0,7
2263,2263,0,5
2264,2264,0,10
2265,2265,0,20
2266,2266,0,14
2267,2267,0,7
2268,2268,0,15
2269,2269,0,16
2270,2270,0,20
2271,2271,0,22
2272,2272,0,23
2273,2273,0,14
2274,2274,0,23
2275,2275,0,16
2276,2276,0,13
2277,2277,0,20
2278,2278,0,21
2279,2279,0,19
2280,2280,0,22
2281,2281,0,15
2282,2282,0,11
2283,2283,0,12
2284,2284,0,9
2285,2285,0,12
2286,2286,0,12
2287,2287,0,12
2288,2288,0,6
2289,2289,0,7
2290,2290,0,15
2291,2291,0,11
2292,2292,0,16
2293,2293,0,15
2294,2294,0,12
2295,2295,0,15
2296,2296,0,8
2297,2297,0,15
2298,2298,0,12
2299,2299,0,23
2300,2300,0,14
2301,2301,0,21
2302,2302,0,19
2303,2303,0,19
2304,2304,0,14
2305,2305,0,10
2306,2306,0,25
2307,2307,0,14
2308,2308,0,2
2309,2309,0,15
2310,2310,0,13
2311,2311,0,10
2312,2312,0,12
2313,2313,0,5
2314,2314,0,8
2315,2315,0,11
2316,2316,0,5
2317,2317,0,7
2318,2318,0,4
2319,2319,0,10
2320,2320,0,11
2321,2321,0,2
2322,2322,0,7
2323,2323,0,2
2324,2324,0,7
2325,2325,0,8
2326,2326,0,0
2327,2327,0,16
2328,2328,0,16
2329,2329,0,5
2330,2330,0,10
2331,2331,0,7
2332,2332,0,18
2333,2333,0,2
2334,2334,0,12
2335,2335,0,11
2336,2336,0,12
2337,2337,0,19
2338,2338,0,10
2339,2339,0,10
2340,2340,0,9
2341,2341,0,10
2342,2342,0,5
2343,2343,0,12
2344,2344,0,16
2345,2345,0,10
2346,2346,0,18
2347,2347,0,6
2348,2348,0,14
2349,2349,0,11
2350,2350,0,12
2351,2351,0,12
2352,2352,0,15
2353,2353,0,18
2354,2354,0,12
2355,2355,0,15
2356,2356,0,8
2357,2357,0,15
2358,2358,0,16
2359,2359,0,19
2360,2360,0,13
2361,2361,0,18
2362,2362,0,20
2363,2363,0,13
2364,2364,0,16
2365,2365,0,16
2366,2366,0,11
2367,2367,0,11
2368,2368,0,11
2369,2369,0,22
2370,2370,0,20
2371,2371,0,23
2372,2372,0,17
2373,2373,0,16
2374,2374,0,14
2375,2375,0,15
2376,2376,0,4
2377,2377,0,16
2378,2378,0,9
2379,2379,0,10
2380,2380,0,11
2381,2381,0,17
2382,2382,0,24
2383,2383,0,16
2384,2384,0,12
2385,2385,0,18
2386,2386,0,5
2387,2387,0,5
2388,2388,0,5
2389,2389,0,7
2390,2390,0,2
2391,2391,0,11
2392,2392,0,20
2393,2393,0,18
2394,2394,0,14
2395,2395,0,17
2396,2396,0,15
2397,2397,0,11
2398,2398,0,8
2399,2399,0,5
2400,2400,0,12
2401,2401,0,3
2402,2402,0,16
2403,2403,0,13
2404,2404,0,12
2405,2405,0,4
2406,2406,0,15
2407,2407,0,12
2408,2408,0,4
2409,2409,0,10
2410,2410,0,16
2411,2411,0,6
2412,2412,0,8
2413,2413,0,8
2414,2414,0,15
2415,2415,0,12
2416,2416,0,19
2417,2417,0,11
2418,2418,0,20
2419,2419,0,2
2420,2420,0,12
2421,2421,0,18
2422,2422,0,4
2423,2423,0,18
2424,2424,0,12
2425,2425,0,8
2426,2426,0,3
2427,2427,0,5
2428,2428,0,15
2429,2429,0,9
2430,2430,0,20
2431,2431,0,15
2432,2432,0,19
2433,2433,0,17
2434,2434,0,16
2435,2435,0,11
2436,2436,0,10
2437,2437,0,9
2438,2438,0,7
2439,2439,0,17
2440,2440,0,25
2441,2441,0,15
2442,2442,0,17
2443,2443,0,13
2444,2444,0,11
2445,2445,0,16
2446,2446,0,14
2447,2447,0,17
2448,2448,0,5
2449,2449,0,12
2450,2450,0,16
2451,2451,0,12
2452,2452,0,8
2453,2453,0,15
2454,2454,0,21
2455,2455,0,14
2456,2456,0,12
2457,2457,0,4
2458,2458,0,12
2459,2459,0,21
2460,2460,0,17
2461,2461,0,13
2462,2462,0,22
2463,2463,0,17
2464,2464,0,5
2465,2465,0,11
2466,2466,0,10
2467,2467,0,10
2468,2468,0,7
2469,2469,0,10
2470,2470,0,10
2471,2471,0,10
2472,2472,0,5
2473,2473,0,8
2474,2474,0,12
2475,2475,0,17
2476,2476,0,14
2477,2477,0,9
2478,2478,0,2
2479,2479,0,12
2480,2480,0,10
2481,2481,0,5
2482,2482,0,1
2483,2483,0,5
2484,2484,0,8
2485,2485,0,11
2486,2486,0,18
2487,2487,0,15
2488,2488,0,5
2489,2489,0,5
2490,2490,0,12
2491,2491,0,4
2492,2492,0,6
2493,2493,0,8
2494,2494,0,14
2495,2495,0,9
2496,2496,0,17
2497,2497,0,10
2498,2498,0,9
2499,2499,0,3
2500,2500,0,7
2501,2501,0,4
2502,2502,0,5
2503,2503,0,15
2504,2504,0,8
2505,2505,0,-3
2506,2506,0,2
2507,2507,0,14
2508,2508,0,12
2509,2509,0,16
2510,2510,0,9
2511,2511,0,20
2512,2512,0,18
2513,2513,0,31
2514,2514,0,20
2515,2515,0,14
2516,2516,0,19
2517,2517,0,16
2518,2518,0,13
2519,2519,0,13
2520,2520,0,15
2521,2521,0,20
2522,2522,0,12
2523,2523,0,12
2524,2524,0,14
2525,2525,0,20
2526,2526,0,11
2527,2527,0,21
2528,2528,0,17
2529,2529,0,6
2530,2530,0,17
2531,2531,0,12
2532,2532,0,12
2533,2533,0,7
2534,2534,0,14
2535,2535,0,21
2536,2536,0,12
2537,2537,0,12
2538,2538,0,22
2539,2539,0,16
2540,2540,0,13
2541,2541,0,10
2542,2542,0,21
2543,2543,0,11
2544,2544,0,12
2545,2545,0,11
2546,2546,0,10
2547,2547,0,11
2548,2548,0,4
2549,2549,0,19
2550,2550,0,13
2551,2551,0,8
2552,2552,0,8
2553,2553,0,21
2554,2554,0,4
2555,2555,0,10
2556,2556,0,13
2557,2557,0,15
2558,2558,0,17
2559,2559,0,16
2560,2560,0,10
2561,2561,0,21
2562,2562,0,-1
2563,2563,0,9
2564,2564,0,5
2565,2565,0,8
2566,2566,0,8
2567,2567,0,12
2568,2568,0,10
2569,2569,0,-4
2570,2570,0,1
2571,2571,0,5
2572,2572,0,9
2573,2573,0,7
2574,2574,0,2
2575,2575,0,11
2576,2576,0,3
2577,2577,0,18
2578,2578,0,5
2579,2579,0,18
2580,2580,0,8
2581,2581,0,4
2582,2582,0,11
2583,2583,0,17
2584,2584,0,10
2585,2585,0,13
2586,2586,0,6
2587,2587,0,11
2588,2588,0,3
2589,2589,0,7
2590,2590,0,16
2591,2591,0,14
2592,2592,0,13
2593,2593,0,12
2594,2594,0,9
2595,2595,0,9
2596,2596,0,8
2597,2597,0,11
2598,2598,0,21
2599,2599,0,20
2600,2600,0,17
2601,2601,0,29
2602,2602,0,18
2603,2603,0,25
2604,2604,0,30
2605,2605,0,13
2606,2606,0,11
2607,2607,0,11
2608,2608,0,8
2609,2609,0,12
2610,2610,0,19
2611,2611,0,15
2612,2612,0,10
2613,2613,0,15
2614,2614,0,11
2615,2615,0,15
2616,2616,0,21
2617,2617,0,16
2618,2618,0,15
2619,2619,0,8
2620,2620,0,16
2621,2621,0,4
2622,2622,0,22
2623,2623,0,28
2624,2624,0,12
2625,2625,0,16
2626,2626,0,16
2627,2627,0,12
2628,2628,0,9
2629,2629,0,10
2630,2630,0,14
2631,2631,0,14
2632,2632,0,11
2633,2633,0,8
2634,2634,0,0
2635,2635,0,1
2636,2636,0,2
2637,2637,0,13
2638,2638,0,14
2639,2639,0,2
2640,2640,0,1
2641,2641,0,5
2642,2642,0,0
2643,2643,0,3
2644,2644,0,5
2645,2645,0,9
2646,2646,0,9
2647,2647,0,4
2648,2648,0,12
2649,2649,0,10
2650,2650,0,17
2651,2651,0,11
2652,2652,0,11
2653,2653,0,6
2654,2654,0,11
2655,2655,0,11
2656,2656,0,15
2657,2657,0,11
2658,2658,0,4
2659,2659,0,9
2660,2660,0,10
2661,2661,0,12
2662,2662,0,17
2663,2663,0,17
2664,2664,0,15
2665,2665,0,12
2666,2666,0,18
2667,2667,0,2
2668,2668,0,11
2669,2669,0,12
2670,2670,0,9
2671,2671,0,2
2672,2672,0,4
2673,2673,0,12
2674,2674,0,23
2675,2675,0,10
2676,2676,0,13
2677,2677,0,9
2678,2678,0,14
2679,2679,0,12
2680,2680,0,10
2681,2681,0,8
2682,2682,0,21
2683,2683,0,9
2684,2684,0,13
2685,2685,0,23
2686,2686,0,29
2687,2687,0,10
2688,2688,0,13
2689,2689,0,12
2690,2690,0,17
2691,2691,0,13
2692,2692,0,6
2693,2693,0,21
2694,2694,0,11
2695,2695,0,14
2696,2696,0,11
2697,2697,0,22
2698,2698,0,14
2699,2699,0,14
2700,2700,0,12
2701,2701,0,4
2702,2702,0,7
2703,2703,0,17
2704,2704,0,13
2705,2705,0,13
2706,2706,0,15
2707,2707,0,22
2708,2708,0,17
2709,2709,0,12
2710,2710,0,19
2711,2711,0,14
2712,2712,0,7
2713,2713,0,2
2714,2714,0,-1
2715,2715,0,11
2716,2716,0,11
2717,2717,0,6
2718,2718,0,5
2719,2719,0,-2
2720,2720,0,3
2721,2721,0,1
2722,2722,0,7
2723,2723,0,-7
2724,2724,0,15
2725,2725,0,9
2726,2726,0,6
2727,2727,0,1
2728,2728,0,1
2729,2729,0,2
2730,2730,0,9
2731,2731,0,10
2732,2732,0,15
2733,2733,0,16
2734,2734,0,10
2735,2735,0,11
2736,2736,0,3
2737,2737,0,12
2738,2738,0,12
2739,2739,0,6
2740,2740,0,13
2741,2741,0,2
2742,2742,0,2
2743,2743,0,12
2744,2744,0,18
2745,2745,0,19
2746,2746,0,18
2747,2747,0,10
2748,2748,0,15
2749,2749,0,4
2750,2750,0,3
2751,2751,0,7
2752,2752,0,24
2753,2753,0,15
2754,2754,0,5
2755,2755,0,16
2756,2756,0,9
2757,2757,0,14
2758,2758,0,20
2759,2759,0,17
2760,2760,0,16
2761,2761,0,7
2762,2762,0,20
2763,2763,0,5
2764,2764,0,16
2765,2765,0,21
2766,2766,0,21
2767,2767,0,13
2768,2768,0,14
2769,2769,0,19
2770,2770,0,11
2771,2771,0,12
2772,2772,0,5
2773,2773,0,20
2774,2774,0,9
2775,2775,0,14
2776,2776,0,13
2777,2777,0,17
2778,2778,0,17
2779,2779,0,20
2780,2780,0,15
2781,2781,0,20
2782,2782,0,7
2783,2783,0,10
2784,2784,0,18
2785,2785,0,9
2786,2786,0,13
2787,2787,0,17
2788,2788,0,14
2789,2789,0,12
2790,2790,0,13
2791,2791,0,13
2792,2792,0,14
2793,2793,0,9
2794,2794,0,-2
2795,2795,0,12
2796,2796,0,4
2797,2797,0,10
2798,2798,0,1
2799,2799,0,2
2800,2800,0,18
2801,2801,0,0
2802,2802,0,6
2803,2803,0,6
2804,2804,0,6
2805,2805,0,15
2806,2806,0,5
2807,2807,0,5
2808,2808,0,4
2809,2809,0,5
2810,2810,0,9
2811,2811,0,12
2812,2812,0,12
2813,2813,0,-3
2814,2814,0,15
2815,2815,0,10
2816,2816,0,12
2817,2817,0,12
2818,2818,0,-1
2819,2819,0,1
2820,2820,0,2
2821,2821,0,4
2822,2822,0,11
2823,2823,0,9
2824,2824,0,5
2825,2825,0,16
2826,2826,0,10
2827,2827,0,17
2828,2828,0,11
2829,2829,0,12
2830,2830,0,0
2831,2831,0,9
2832,2832,0,9
2833,2833,0,12
2834,2834,0,9
2835,2835,0,24
2836,2836,0,20
2837,2837,0,19
2838,2838,0,16
2839,2839,0,16
2840,2840,0,18
2841,2841,0,25
2842,2842,0,9
2843,2843,0,9
2844,2844,0,7
2845,2845,0,2
2846,2846,0,13
2847,2847,0,17
2848,2848,0,15
2849,2849,0,15
2850,2850,0,9
2851,2851,0,10
2852,2852,0,13
2853,2853,0,14
2854,2854,0,12
2855,2855,0,13
2856,2856,0,10
2857,2857,0,4
2858,2858,0,4
2859,2859,0,12
2860,2860,0,9
2861,2861,0,10
2862,2862,0,11
2863,2863,0,22
2864,2864,0,19
2865,2865,0,15
2866,2866,0,12
2867,2867,0,12
2868,2868,0,22
2869,2869,0,8
2870,2870,0,6
2871,2871,0,9
2872,2872,0,-1
2873,2873,0,-6
2874,2874,0,9
2875,2875,0,16
2876,2876,0,10
2877,2877,0,9
2878,2878,0,7
2879,2879,0,19
2880,2880,0,-2
2881,2881,0,2
2882,2882,0,18
2883,2883,0,7
2884,2884,0,11
2885,2885,0,4
2886,2886,0,11
2887,2887,0,7
2888,2888,0,12
2889,2889,0,10
2890,2890,0,3
2891,2891,0,6
2892,2892,0,0
2893,2893,0,-4
2894,2894,0,6
2895,2895,0,4
2896,2896,0,12
2897,2897,0,12
2898,2898,0,10
2899,2899,0,15
2900,2900,0,12
2901,2901,0,14
2902,2902,0,16
2903,2903,0,13
2904,2904,0,12
2905,2905,0,1
2906,2906,0,4
2907,2907,0,8
2908,2908,0,7
2909,2909,0,11
2910,2910,0,21
2911,2911,0,17
2912,2912,0,15
2913,2913,0,6
2914,2914,0,9
2915,2915,0,27
2916,2916,0,12
2917,2917,0,24
2918,2918,0,14
2919,2919,0,23
2920,2920,0,18
2921,2921,0,20
2922,2922,0,18
2923,2923,0,10
2924,2924,0,4
2925,2925,0,13
2926,2926,0,22
2927,2927,0,17
2928,2928,0,16
2929,2929,0,14
2930,2930,0,23
2931,2931,0,21
2932,2932,0,12
2933,2933,0,14
2934,2934,0,12
2935,2935,0,15
2936,2936,0,14
2937,2937,0,5
2938,2938,0,13
2939,2939,0,14
2940,2940,0,9
2941,2941,0,10
2942,2942,0,11
2943,2943,0,18
2944,2944,0,15
2945,2945,0,22
2946,2946,0,18
2947,2947,0,14
2948,2948,0,12
2949,2949,0,20
2950,2950,0,16
2951,2951,0,10
2952,2952,0,5
2953,2953,0,11
2954,2954,0,12
2955,2955,0,15
2956,2956,0,23
2957,2957,0,24
2958,2958,0,9
2959,2959,0,5
2960,2960,0,4
2961,2961,0,11
2962,2962,0,10
2963,2963,0,10
2964,2964,0,12
2965,2965,0,14
2966,2966,0,8
2967,2967,0,13
2968,2968,0,15
2969,2969,0,17
2970,2970,0,9
2971,2971,0,5
2972,2972,0,0
2973,2973,0,6
2974,2974,0,7
2975,2975,0,13
2976,2976,0,12
2977,2977,0,18
2978,2978,0,-1
2979,2979,0,5
2980,2980,0,6
2981,2981,0,7
2982,2982,0,12
2983,2983,0,24
2984,2984,0,21
2985,2985,0,20
2986,2986,0,11
2987,2987,0,7
2988,2988,0,3
2989,2989,0,13
2990,2990,0,10
2991,2991,0,8
2992,2992,0,19
2993,2993,0,15
2994,2994,0,15
2995,2995,0,17
2996,2996,0,18
2997,2997,0,17
2998,2998,0,16
2999,2999,0,5
3000,3000,0,17
3001,3001,0,25
3002,3002,0,17
3003,3003,0,27
3004,3004,0,19
3005,3005,0,21
3006,3006,0,8
3007,3007,0,12
3008,3008,0,11
3009,3009,0,19
3010,3010,0,22
3011,3011,0,18
3012,3012,0,13
3013,3013,0,17
3014,3014,0,15
3015,3015,0,11
3016,3016,0,8
3017,3017,0,22
3018,3018,0,20
3019,3019,0,16
3020,3020,0,24
3021,3021,0,12
3022,3022,0,28
3023,3023,0,10
3024,3024,0,8
3025,3025,0,11
3026,3026,0,14
3027,3027,0,12
3028,3028,0,18
3029,3029,0,11
3030,3030,0,16
3031,3031,0,18
3032,3032,0,13
3033,3033,0,4
3034,3034,0,11
3035,3035,0,12
3036,3036,0,6
3037,3037,0,5
3038,3038,0,-2
3039,3039,0,13
3040,3040,0,13
3041,3041,0,10
3042,3042,0,10
3043,3043,0,2
3044,3044,0,11
3045,3045,0,9
3046,3046,0,6
3047,3047,0,3
3048,3048,0,18
3049,3049,0,2
3050,3050,0,6
3051,3051,0,2
3052,3052,0,11
3053,3053,0,6
3054,3054,0,9
3055,3055,0,4
3056,3056,0,10
3057,3057,0,14
3058,3058,0,13
3059,3059,0,21
3060,3060,0,9
3061,3061,0,12
3062,3062,0,14
3063,3063,0,15
3064,3064,0,10
3065,3065,0,16
3066,3066,0,6
3067,3067,0,18
3068,3068,0,20
3069,3069,0,17
3070,3070,0,10
3071,3071,0,3
3072,3072,0,10
3073,3073,0,8
3074,3074,0,12
3075,3075,0,11
3076,3076,0,17
3077,3077,0,22
3078,3078,0,19
3079,3079,0,14
3080,3080,0,23
3081,3081,0,14
3082,3082,0,18
3083,3083,0,15
3084,3084,0,10
3085,3085,0,11
3086,3086,0,14
3087,3087,0,15
3088,3088,0,16
3089,3089,0,11
3090,3090,0,17
3091,3091,0,19
3092,3092,0,20
3093,3093,0,26
3094,3094,0,30
3095,3095,0,17
3096,3096,0,18
3097,3097,0,21
3098,3098,0,9
3099,3099,0,9
3100,3100,0,13
3101,3101,0,1
3102,3102,0,10
3103,3103,0,13
3104,3104,0,12
3105,3105,0,16
3106,3106,0,19
3107,3107,0,16
3108,3108,0,16
3109,3109,0,10
3110,3110,0,14
3111,3111,0,9
3112,3112,0,-1
3113,3113,0,13
3114,3114,0,23
3115,3115,0,15
3116,3116,0,2
3117,3117,0,-3
3118,3118,0,11
3119,3119,0,9
3120,3120,0,15
3121,3121,0,16
3122,3122,0,16
3123,3123,0,21
3124,3124,0,3
3125,3125,0,-2
3126,3126,0,4
3127,3127,0,20
3128,3128,0,17
3129,3129,0,9
3130,3130,0,12
3131,3131,0,14
3132,3132,0,5
3133,3133,0,8
3134,3134,0,9
3135,3135,0,1
3136,3136,0,12
3137,3137,0,12
3138,3138,0,14
3139,3139,0,4
3140,3140,0,6
3141,3141,0,6
3142,3142,0,20
3143,3143,0,23
3144,3144,0,18
3145,3145,0,23
3146,3146,0,5
3147,3147,0,12
3148,3148,0,8
3149,3149,0,14
3150,3150,0,12
3151,3151,0,20
3152,3152,0,17
3153,3153,0,17
3154,3154,0,6
3155,3155,0,9
3156,3156,0,9
3157,3157,0,8
3158,3158,0,16
3159,3159,0,8
3160,3160,0,11
3161,3161,0,10
3162,3162,0,15
3163,3163,0,21
3164,3164,0,13
3165,3165,0,22
3166,3166,0,13
3167,3167,0,7
3168,3168,0,19
3169,3169,0,11
3170,3170,0,9
3171,3171,0,20
3172,3172,0,25
3173,3173,0,8
3174,3174,0,16
3175,3175,0,18
3176,3176,0,12
3177,3177,0,12
3178,3178,0,1
3179,3179,0,18
3180,3180,0,23
3181,3181,0,16
3182,3182,0,17
3183,3183,0,17
3184,3184,0,8
3185,3185,0,12
3186,3186,0,6
3187,3187,0,16
3188,3188,0,17
3189,3189,0,7
3190,3190,0,7
3191,3191,0,-2
3192,3192,0,22
3193,3193,0,21
3194,3194,0,13
3195,3195,0,10
3196,3196,0,9
3197,3197,0,13
3198,3198,0,2
3199,3199,0,9
3200,3200,0,17
3201,3201,0,12
3202,3202,0,14
3203,3203,0,11
3204,3204,0,7
3205,3205,0,10
3206,3206,0,1
3207,3207,0,-6
3208,3208,0,2
3209,3209,0,7
3210,3210,0,3
3211,3211,0,11
3212,3212,0,12
3213,3213,0,15
3214,3214,0,16
3215,3215,0,21
3216,3216,0,8
3217,3217,0,10
3218,3218,0,7
3219,3219,0,5
3220,3220,0,0
3221,3221,0,15
3222,3222,0,17
3223,3223,0,8
3224,3224,0,12
3225,3225,0,12
3226,3226,0,10
3227,3227,0,17
3228,3228,0,12
3229,3229,0,17
3230,3230,0,15
3231,3231,0,7
3232,3232,0,12
3233,3233,0,15
3234,3234,0,15
3235,3235,0,11
3236,3236,0,21
3237,3237,0,10
3238,3238,0,11
3239,3239,0,20
3240,3240,0,11
3241,3241,0,10
3242,3242,0,16
3243,3243,0,16
3244,3244,0,10
3245,3245,0,19
3246,3246,0,16
3247,3247,0,19
3248,3248,0,12
3249,3249,0,15
3250,3250,0,16
3251,3251,0,17
3252,3252,0,13
3253,3253,0,16
3254,3254,0,16
3255,3255,0,15
3256,3256,0,7
3257,3257,0,5
3258,3258,0,17
3259,3259,0,12
3260,3260,0,3
3261,3261,0,19
3262,3262,0,8
3263,3263,0,11
3264,3264,0,8
3265,3265,0,14
3266,3266,0,11
3267,3267,0,6
3268,3268,0,16
3269,3269,0,18
3270,3270,0,18
3271,3271,0,13
3272,3272,0,3
3273,3273,0,12
3274,3274,0,19
3275,3275,0,10
3276,3276,0,0
3277,3277,0,3
3278,3278,0,3
3279,3279,0,12
3280,3280,0,5
3281,3281,0,10
3282,3282,0,9
3283,3283,0,15
3284,3284,0,22
3285,3285,0,20
3286,3286,0,9
3287,3287,0,11
3288,3288,0,1
3289,3289,0,4
3290,3290,0,10
3291,3291,0,11
3292,3292,0,19
3293,3293,0,20
3294,3294,0,15
3295,3295,0,20
3296,3296,0,14
3297,3297,0,14
3298,3298,0,17
3299,3299,0,-1
3300,3300,0,11
3301,3301,0,9
3302,3302,0,2
3303,3303,0,3
3304,3304,0,4
3305,3305,0,24
3306,3306,0,10
3307,3307,0,17
3308,3308,0,16
3309,3309,0,20
3310,3310,0,14
3311,3311,0,12
3312,3312,0,19
3313,3313,0,3
3314,3314,0,7
3315,3315,0,14
3316,3316,0,20
3317,3317,0,23
3318,3318,0,10
3319,3319,0,17
3320,3320,0,13
3321,3321,0,14
3322,3322,0,10
3323,3323,0,11
3324,3324,0,17
3325,3325,0,12
3326,3326,0,10
3327,3327,0,14
3328,3328,0,19
3329,3329,0,15
3330,3330,0,20
3331,3331,0,14
3332,3332,0,18
3333,3333,0,12
3334,3334,0,14
3335,3335,0,14
3336,3336,0,9
3337,3337,0,9
3338,3338,0,17
3339,3339,0,14
3340,3340,0,13
3341,3341,0,14
3342,3342,0,9
3343,3343,0,8
3344,3344,0,16
3345,3345,0,9
3346,3346,0,17
3347,3347,0,2
3348,3348,0,8
3349,3349,0,13
3350,3350,0,20
3351,3351,0,3
3352,3352,0,11
3353,3353,0,18
3354,3354,0,13
3355,3355,0,9
3356,3356,0,4
3357,3357,0,4
3358,3358,0,1
3359,3359,0,-5
3360,3360,0,5
3361,3361,0,8
3362,3362,0,18
3363,3363,0,6
3364,3364,0,23
3365,3365,0,13
3366,3366,0,16
3367,3367,0,13
3368,3368,0,10
3369,3369,0,5
3370,3370,0,6
3371,3371,0,5
3372,3372,0,9
3373,3373,0,22
3374,3374,0,17
3375,3375,0,17
3376,3376,0,14
3377,3377,0,3
3378,3378,0,10
3379,3379,0,4
3380,3380,0,16
3381,3381,0,14
3382,3382,0,9
3383,3383,0,26
3384,3384,0,16
3385,3385,0,25
3386,3386,0,18
3387,3387,0,11
3388,3388,0,8
3389,3389,0,5
3390,3390,0,14
3391,3391,0,14
3392,3392,0,11
3393,3393,0,14
3394,3394,0,23
3395,3395,0,15
3396,3396,0,25
3397,3397,0,12
3398,3398,0,21
3399,3399,0,17
3400,3400,0,17
3401,3401,0,19
3402,3402,0,17
3403,3403,0,16
3404,3404,0,6
3405,3405,0,11
3406,3406,0,13
3407,3407,0,23
3408,3408,0,19
3409,3409,0,12
3410,3410,0,20
3411,3411,0,23
3412,3412,0,14
3413,3413,0,3
3414,3414,0,7
3415,3415,0,11
3416,3416,0,13
3417,3417,0,14
3418,3418,0,21
3419,3419,0,21
3420,3420,0,12
3421,3421,0,15
3422,3422,0,15
3423,3423,0,9
3424,3424,0,16
3425,3425,0,14
3426,3426,0,8
3427,3427,0,12
3428,3428,0,17
3429,3429,0,6
3430,3430,0,18
3431,3431,0,22
3432,3432,0,17
3433,3433,0,24
3434,3434,0,6
3435,3435,0,8
3436,3436,0,14
3437,3437,0,2
3438,3438,0,3
3439,3439,0,3
3440,3440,0,10
3441,3441,0,13
3442,3442,0,0
3443,3443,0,16
3444,3444,0,9
3445,3445,0,-1
3446,3446,0,2
3447,3447,0,2
3448,3448,0,3
3449,3449,0,9
3450,3450,0,3
3451,3451,0,4
3452,3452,0,2
3453,3453,0,12
3454,3454,0,5
3455,3455,0,12
3456,3456,0,6
3457,3457,0,-2
3458,3458,0,0
3459,3459,0,1
3460,3460,0,10
3461,3461,0,3
3462,3462,0,4
3463,3463,0,9
3464,3464,0,13
3465,3465,0,10
3466,3466,0,13
3467,3467,0,10
3468,3468,0,14
3469,3469,0,21
3470,3470,0,12
3471,3471,0,18
3472,3472,0,20
3473,3473,0,9
3474,3474,0,2
3475,3475,0,17
3476,3476,0,22
3477,3477,0,11
3478,3478,0,16
3479,3479,0,17
3480,3480,0,20
3481,3481,0,13
3482,3482,0,24
3483,3483,0,18
3484,3484,0,11
3485,3485,0,14
3486,3486,0,14
3487,3487,0,16
3488,3488,0,13
3489,3489,0,18
3490,3490,0,18
3491,3491,0,17
3492,3492,0,18
3493,3493,0,11
3494,3494,0,20
3495,3495,0,16
3496,3496,0,22
3497,3497,0,22
3498,3498,0,13
3499,3499,0,21
3500,3500,0,14
3501,3501,0,16
3502,3502,0,4
3503,3503,0,4
3504,3504,0,19
3505,3505,0,18
3506,3506,0,11
3507,3507,0,12
3508,3508,0,16
3509,3509,0,8
3510,3510,0,9
3511,3511,0,16
3512,3512,0,9
3513,3513,0,15
3514,3514,0,16
3515,3515,0,10
3516,3516,0,23
3517,3517,0,17
3518,3518,0,5
3519,3519,0,6
3520,3520,0,11
3521,3521,0,13
3522,3522,0,5
3523,3523,0,16
3524,3524,0,12
3525,3525,0,12
3526,3526,0,6
3527,3527,0,6
3528,3528,0,1
3529,3529,0,12
3530,3530,0,8
3531,3531,0,4
3532,3532,0,2
3533,3533,0,6
3534,3534,0,2
3535,3535,0,3
3536,3536,0,-1
3537,3537,0,2
3538,3538,0,5
3539,3539,0,0
3540,3540,0,0
3541,3541,0,14
3542,3542,0,16
3543,3543,0,13
3544,3544,0,20
3545,3545,0,21
3546,3546,0,14
3547,3547,0,5
3548,3548,0,9
3549,3549,0,9
3550,3550,0,8
3551,3551,0,14
3552,3552,0,16
3553,3553,0,14
3554,3554,0,10
3555,3555,0,21
3556,3556,0,16
3557,3557,0,19
3558,3558,0,15
3559,3559,0,13
3560,3560,0,3
3561,3561,0,18
3562,3562,0,24
3563,3563,0,15
3564,3564,0,22
3565,3565,0,15
3566,3566,0,9
3567,3567,0,16
3568,3568,0,4
3569,3569,0,7
3570,3570,0,14
3571,3571,0,11
3572,3572,0,28
3573,3573,0,22
3574,3574,0,28
3575,3575,0,18
3576,3576,0,8
3577,3577,0,9
3578,3578,0,16
3579,3579,0,15
3580,3580,0,17
3581,3581,0,14
3582,3582,0,8
3583,3583,0,8
3584,3584,0,10
3585,3585,0,9
3586,3586,0,9
3587,3587,0,14
3588,3588,0,15
3589,3589,0,9
3590,3590,0,16
3591,3591,0,13
3592,3592,0,3
3593,3593,0,9
3594,3594,0,-4
3595,3595,0,12
3596,3596,0,3
3597,3597,0,0
3598,3598,0,16
3599,3599,0,13
3600,3600,0,0
3601,3601,0,15
3602,3602,0,6
3603,3603,0,10
3604,3604,0,8
3605,3605,0,9
3606,3606,0,7
3607,3607,0,11
3608,3608,0,16
3609,3609,0,13
3610,3610,0,9
3611,3611,0,9
3612,3612,0,6
3613,3613,0,6
3614,3614,0,7
3615,3615,0,-4
3616,3616,0,7
3617,3617,0,8
3618,3618,0,6
3619,3619,0,16
3620,3620,0,17
3621,3621,0,9
3622,3622,0,17
3623,3623,0,9
3624,3624,0,14
3625,3625,0,13
3626,3626,0,16
3627,3627,0,14
3628,3628,0,11
3629,3629,0,11
3630,3630,0,19
3631,3631,0,21
3632,3632,0,19
3633,3633,0,17
3634,3634,0,16
3635,3635,0,28
3636,3636,0,17
3637,3637,0,13
3638,3638,0,24
3639,3639,0,16
3640,3640,0,9
3641,3641,0,11
3642,3642,0,13
3643,3643,0,24
3644,3644,0,16
3645,3645,0,14
3646,3646,0,11
3647,3647,0,9
3648,3648,0,19
3649,3649,0,16
3650,3650,0,9
3651,3651,0,13
3652,3652,0,13
3653,3653,0,16
3654,3654,0,14
3655,3655,0,24
3656,3656,0,14
3657,3657,0,7
3658,3658,0,9
3659,3659,0,15
3660,3660,0,13
3661,3661,0,14
3662,3662,0,5
3663,3663,0,8
3664,3664,0,9
3665,3665,0,13
3666,3666,0,14
3667,3667,0,14
3668,3668,0,9
3669,3669,0,6
3670,3670,0,3
3671,3671,0,9
3672,3672,0,7
3673,3673,0,9
3674,3674,0,8
3675,3675,0,15
3676,3676,0,8
3677,3677,0,11
3678,3678,0,8
3679,3679,0,14
3680,3680,0,17
3681,3681,0,16
3682,3682,0,18
3683,3683,0,4
3684,3684,0,3
3685,3685,0,6
3686,3686,0,7
3687,3687,0,13
3688,3688,0,11
3689,3689,0,10
3690,3690,0,5
3691,3691,0,7
3692,3692,0,6
3693,3693,0,5
3694,3694,0,5
3695,3695,0,2
3696,3696,0,9
3697,3697,0,3
3698,3698,0,9
3699,3699,0,1
3700,3700,0,5
3701,3701,0,1
3702,3702,0,4
3703,3703,0,8
3704,3704,0,18
3705,3705,0,14
3706,3706,0,5
3707,3707,0,8
3708,3708,0,22
3709,3709,0,28
3710,3710,0,28
3711,3711,0,21
3712,3712,0,15
3713,3713,0,19
3714,3714,0,13
3715,3715,0,11
3716,3716,0,16
3717,3717,0,20
3718,3718,0,18
3719,3719,0,18
3720,3720,0,19
3721,3721,0,25
3722,3722,0,21
3723,3723,0,15
3724,3724,0,16
3725,3725,0,27
3726,3726,0,13
3727,3727,0,27
3728,3728,0,30
3729,3729,0,22
3730,3730,0,13
3731,3731,0,17
3732,3732,0,21
3733,3733,0,19
3734,3734,0,12
3735,3735,0,16
3736,3736,0,17
3737,3737,0,8
3738,3738,0,14
3739,3739,0,18
3740,3740,0,16
3741,3741,0,15
3742,3742,0,14
3743,3743,0,18
3744,3744,0,14
3745,3745,0,5
3746,3746,0,14
3747,3747,0,15
3748,3748,0,9
3749,3749,0,16
3750,3750,0,7
3751,3751,0,14
3752,3752,0,25
3753,3753,0,14
3754,3754,0,13
3755,3755,0,4
3756,3756,0,3
3757,3757,0,-2
3758,3758,0,4
3759,3759,0,6
3760,3760,0,21
3761,3761,0,15
3762,3762,0,-1
3763,3763,0,4
3764,3764,0,3
3765,3765,0,16
3766,3766,0,9
3767,3767,0,10
3768,3768,0,9
3769,3769,0,2
3770,3770,0,15
3771,3771,0,9
3772,3772,0,13
3773,3773,0,18
3774,3774,0,9
3775,3775,0,10
3776,3776,0,14
3777,3777,0,10
3778,3778,0,6
3779,3779,0,13
3780,3780,0,17
3781,3781,0,8
3782,3782,0,1
3783,3783,0,7
3784,3784,0,7
3785,3785,0,16
3786,3786,0,14
3787,3787,0,10
3788,3788,0,12
3789,3789,0,13
3790,3790,0,15
3791,3791,0,10
3792,3792,0,18
3793,3793,0,10
3794,3794,0,11
3795,3795,0,20
3796,3796,0,10
3797,3797,0,20
3798,3798,0,21
3799,3799,0,11
3800,3800,0,12
3801,3801,0,15
3802,3802,0,22
3803,3803,0,18
3804,3804,0,15
3805,3805,0,22
3806,3806,0,9
3807,3807,0,4
3808,3808,0,14
3809,3809,0,12
3810,3810,0,15
3811,3811,0,20
3812,3812,0,14
3813,3813,0,15
3814,3814,0,14
3815,3815,0,21
3816,3816,0,20
3817,3817,0,26
3818,3818,0,15
3819,3819,0,15
3820,3820,0,11
3821,3821,0,17
3822,3822,0,1
3823,3823,0,10
3824,3824,0,11
3825,3825,0,20
3826,3826,0,11
3827,3827,0,7
3828,3828,0,13
3829,3829,0,15
3830,3830,0,13
3831,3831,0,16
3832,3832,0,16
3833,3833,0,14
3834,3834,0,27
3835,3835,0,21
3836,3836,0,22
3837,3837,0,18
3838,3838,0,22
3839,3839,0,18
3840,3840,0,3
3841,3841,0,6
3842,3842,0,11
3843,3843,0,16
3844,3844,0,18
3845,3845,0,9
3846,3846,0,10
3847,3847,0,4
3848,3848,0,4
3849,3849,0,8
3850,3850,0,10
3851,3851,0,14
3852,3852,0,12
3853,3853,0,10
3854,3854,0,5
3855,3855,0,5
3856,3856,0,5
3857,3857,0,3
3858,3858,0,1
3859,3859,0,6
3860,3860,0,12
3861,3861,0,12
3862,3862,0,25
3863,3863,0,18
3864,3864,0,15
3865,3865,0,4
3866,3866,0,15
3867,3867,0,7
3868,3868,0,11
3869,3869,0,21
3870,3870,0,20
3871,3871,0,14
3872,3872,0,12
3873,3873,0,16
3874,3874,0,15
3875,3875,0,15
3876,3876,0,12
3877,3877,0,15
3878,3878,0,10
3879,3879,0,3
3880,3880,0,10
3881,3881,0,17
3882,3882,0,8
3883,3883,0,18
3884,3884,0,9
3885,3885,0,23
3886,3886,0,24
3887,3887,0,19
3888,3888,0,16
3889,3889,0,11
3890,3890,0,12
3891,3891,0,19
3892,3892,0,13
3893,3893,0,20
3894,3894,0,25
3895,3895,0,11
3896,3896,0,18
3897,3897,0,24
3898,3898,0,16
3899,3899,0,17
3900,3900,0,14
3901,3901,0,18
3902,3902,0,15
3903,3903,0,21
3904,3904,0,17
3905,3905,0,16
3906,3906,0,7
3907,3907,0,13
3908,3908,0,12
3909,3909,0,13
3910,3910,0,8
3911,3911,0,19
3912,3912,0,11
3913,3913,0,9
3914,3914,0,13
3915,3915,0,22
3916,3916,0,18
3917,3917,0,18
3918,3918,0,10
3919,3919,0,10
3920,3920,0,11
3921,3921,0,11
3922,3922,0,4
3923,3923,0,5
3924,3924,0,3
3925,3925,0,2
3926,3926,0,12
3927,3927,0,13
3928,3928,0,18
3929,3929,0,-3
3930,3930,0,11
3931,3931,0,5
3932,3932,0,1
3933,3933,0,0
3934,3934,0,8
3935,3935,0,6
3936,3936,0,15
3937,3937,0,7
3938,3938,0,11
3939,3939,0,16
3940,3940,0,8
3941,3941,0,9
3942,3942,0,11
3943,3943,0,19
3944,3944,0,19
3945,3945,0,25
3946,3946,0,31
3947,3947,0,12
3948,3948,0,7
3949,3949,0,13
3950,3950,0,9
3951,3951,0,8
3952,3952,0,12
3953,3953,0,18
3954,3954,0,17
3955,3955,0,7
3956,3956,0,12
3957,3957,0,20
3958,3958,0,19
3959,3959,0,15
3960,3960,0,16
3961,3961,0,16
3962,3962,0,14
3963,3963,0,19
3964,3964,0,8
3965,3965,0,22
3966,3966,0,17
3967,3967,0,16
3968,3968,0,12
3969,3969,0,20
3970,3970,0,16
3971,3971,0,10
3972,3972,0,10
3973,3973,0,10
3974,3974,0,15
3975,3975,0,7
3976,3976,0,11
3977,3977,0,13
3978,3978,0,9
3979,3979,0,17
3980,3980,0,11
3981,3981,0,13
3982,3982,0,12
3983,3983,0,9
3984,3984,0,2
3985,3985,0,10
3986,3986,0,10
3987,3987,0,8
3988,3988,0,3
3989,3989,0,5
3990,3990,0,8
3991,3991,0,11
3992,3992,0,16
3993,3993,0,16
3994,3994,0,13
3995,3995,0,7
3996,3996,0,0
3997,3997,0,10
3998,3998,0,12
3999,3999,0,5
4000,4000,0,4
4001,4001,0,9
4002,4002,0,12
4003,4003,0,7
4004,4004,0,10
4005,4005,0,16
4006,4006,0,14
4007,4007,0,12
4008,4008,0,3
4009,4009,0,7
4010,4010,0,9
4011,4011,0,9
4012,4012,0,8
4013,4013,0,17
4014,4014,0,14
4015,4015,0,8
4016,4016,0,14
4017,4017,0,12
4018,4018,0,1
4019,4019,0,10
4020,4020,0,12
4021,4021,0,10
4022,4022,0,9
4023,4023,0,5
4024,4024,0,0
4025,4025,0,6
4026,4026,0,5
4027,4027,0,10
4028,4028,0,6
4029,4029,0,11
4030,4030,0,15
4031,4031,0,17
4032,4032,0,14
4033,4033,0,19
4034,4034,0,19
4035,4035,0,13
4036,4036,0,7
4037,4037,0,12
4038,4038,0,12
4039,4039,0,14
4040,4040,0,9
4041,4041,0,10
4042,4042,0,21
4043,4043,0,19
4044,4044,0,19
4045,4045,0,12
4046,4046,0,14
4047,4047,0,12
4048,4048,0,10
4049,4049,0,18
4050,4050,0,18
4051,4051,0,22
4052,4052,0,12
4053,4053,0,15
4054,4054,0,24
4055,4055,0,15
4056,4056,0,17
4057,4057,0,14
4058,4058,0,8
4059,4059,0,13
4060,4060,0,16
4061,4061,0,14
4062,4062,0,20
4063,4063,0,16
4064,4064,0,14
4065,4065,0,10
4066,4066,0,11
4067,4067,0,-1
4068,4068,0,8
4069,4069,0,1
4070,4070,0,7
4071,4071,0,10
4072,4072,0,10
4073,4073,0,19
4074,4074,0,11
4075,4075,0,7
4076,4076,0,1
4077,4077,0,2
4078,4078,0,4
4079,4079,0,5
4080,4080,0,6
4081,4081,0,7
4082,4082,0,7
4083,4083,0,9
4084,4084,0,6
4085,4085,0,12
4086,4086,0,1
4087,4087,0,1
4088,4088,0,2
4089,4089,0,12
4090,4090,0,16
4091,4091,0,9
4092,4092,0,18
4093,4093,0,12
4094,4094,0,2
4095,4095,0,14
4096,4096,1,20
4097,4097,0,7
4098,4098,0,16
4099,4099,0,15
4100,4100,0,6
4101,4101,0,16
4102,4102,0,10
4103,4103,0,14
4104,4104,0,11
4105,4105,0,6
4106,4106,0,13
4107,4107,0,6
4108,4108,0,7
4109,4109,0,4
4110,4110,0,1
4111,4111,0,7
4112,4112,0,16
4113,4113,0,6
4114,4114,0,11
4115,4115,0,18
4116,4116,0,20
4117,4117,0,17
4118,4118,0,17
4119,4119,0,25
4120,4120,0,12
4121,4121,0,14
4122,4122,0,20
4123,4123,0,20
4124,4124,0,15
4125,4125,0,8
4126,4126,0,9
4127,4127,0,19
4128,4128,0,22
4129,4129,0,18
4130,4130,0,33
4131,4131,0,16
4132,4132,0,19
4133,4133,0,21
4134,4134,0,26
4135,4135,0,8
4136,4136,0,11
4137,4137,0,9
4138,4138,0,10
4139,4139,0,4
4140,4140,0,16
4141,4141,0,10
4142,4142,0,25
4143,4143,0,19
4144,4144,0,9
4145,4145,0,16
4146,4146,0,9
4147,4147,0,15
4148,4148,0,8
4149,4149,0,8
4150,4150,0,10
4151,4151,0,-6
4152,4152,0,4
4153,4153,0,6
4154,4154,0,11
4155,4155,0,13
4156,4156,0,18
4157,4157,0,10
4158,4158,0,5
4159,4159,0,9
4160,4160,0,5
4161,4161,0,10
4162,4162,0,6
4163,4163,0,8
4164,4164,0,9
4165,4165,0,10
4166,4166,0,-2
4167,4167,0,5
4168,4168,0,9
4169,4169,0,4
4170,4170,0,6
4171,4171,0,11
4172,4172,0,0
4173,4173,0,9
4174,4174,0,1
4175,4175,0,7
4176,4176,0,10
4177,4177,0,11
4178,4178,0,17
4179,4179,0,24
4180,4180,0,13
4181,4181,0,15
4182,4182,0,9
4183,4183,0,5
4184,4184,0,11
4185,4185,0,10
4186,4186,0,20
4187,4187,0,14
4188,4188,0,12
4189,4189,0,16
4190,4190,0,9
4191,4191,0,15
4192,4192,0,29
4193,4193,0,14
4194,4194,0,16
4195,4195,0,13
4196,4196,0,10
4197,4197,0,16
4198,4198,0,23
4199,4199,0,27
4200,4200,0,15
4201,4201,0,18
4202,4202,0,18
4203,4203,0,9
4204,4204,0,7
4205,4205,0,18
4206,4206,0,7
4207,4207,0,18
4208,4208,0,11
4209,4209,0,17
4210,4210,0,17
4211,4211,0,16
4212,4212,0,9
4213,4213,0,10
4214,4214,0,8
4215,4215,0,11
4216,4216,0,18
4217,4217,0,13
4218,4218,0,13
4219,4219,0,13
4220,4220,0,11
4221,4221,0,10
4222,4222,0,15
4223,4223,0,14
4224,4224,0,11
4225,4225,0,4
4226,4226,0,4
4227,4227,0,12
4228,4228,0,3
4229,4229,0,7
4230,4230,0,7
4231,4231,0,22
4232,4232,0,19
4233,4233,0,20
4234,4234,0,10
4235,4235,0,9
4236,4236,0,2
4237,4237,0,13
4238,4238,0,19
4239,4239,0,21
4240,4240,0,17
4241,4241,0,17
4242,4242,0,11
4243,4243,0,21
4244,4244,0,4
4245,4245,0,6
4246,4246,0,20
4247,4247,0,10
4248,4248,0,9
4249,4249,0,3
4250,4250,0,7
4251,4251,0,3
4252,4252,0,14
4253,4253,0,17
4254,4254,0,9
4255,4255,0,19
4256,4256,0,3
4257,4257,0,4
4258,4258,0,11
4259,4259,0,19
4260,4260,0,11
4261,4261,0,12
4262,4262,0,11
4263,4263,0,4
4264,4264,0,5
4265,4265,0,6
4266,4266,0,11
4267,4267,0,18
4268,4268,0,10
4269,4269,0,10
4270,4270,0,16
4271,4271,0,21
4272,4272,0,17
4273,4273,0,23
4274,4274,0,15
4275,4275,0,14
4276,4276,0,18
4277,4277,0,21
4278,4278,0,19
4279,4279,0,9
4280,4280,0,17
4281,4281,0,17
4282,4282,0,13
4283,4283,0,17
4284,4284,0,11
4285,4285,0,16
4286,4286,0,17
4287,4287,0,20
4288,4288,0,12
4289,4289,0,16
4290,4290,0,24
4291,4291,0,15
4292,4292,0,26
4293,4293,0,12
4294,4294,0,9
4295,4295,0,12
4296,4296,0,24
4297,4297,0,24
4298,4298,0,10
4299,4299,0,17
4300,4300,0,9
4301,4301,0,13
4302,4302,0,10
4303,4303,0,25
4304,4304,0,11
4305,4305,0,9
4306,4306,0,9
4307,4307,0,7
4308,4308,0,16
4309,4309,0,11
4310,4310,0,9
4311,4311,0,8
4312,4312,0,9
4313,4313,0,6
4314,4314,0,4
4315,4315,0,1
4316,4316,0,10
4317,4317,0,4
4318,4318,0,0
4319,4319,0,11
4320,4320,0,6
4321,4321,0,10
4322,4322,0,16
4323,4323,0,9
4324,4324,0,7
4325,4325,0,15
4326,4326,0,7
4327,4327,0,7
4328,4328,0,5
4329,4329,0,9
4330,4330,0,2
4331,4331,0,3
4332,4332,0,6
4333,4333,0,3
4334,4334,0,3
4335,4335,0,5
4336,4336,0,16
4337,4337,0,13
4338,4338,0,1
4339,4339,0,4
4340,4340,0,9
4341,4341,0,5
4342,4342,0,14
4343,4343,0,2
4344,4344,0,17
4345,4345,0,26
4346,4346,0,22
4347,4347,0,10
4348,4348,0,32
4349,4349,0,32
4350,4350,0,31
4351,4351,0,27
4352,4352,0,25
4353,4353,0,20
4354,4354,0,14
4355,4355,0,16
4356,4356,0,10
4357,4357,0,13
4358,4358,0,16
4359,4359,0,24
4360,4360,0,24
4361,4361,0,18
4362,4362,0,17
4363,4363,0,21
4364,4364,0,6
4365,4365,0,13
4366,4366,0,14
4367,4367,0,12
4368,4368,0,14
4369,4369,0,13
4370,4370,0,20
4371,4371,0,12
4372,4372,0,8
4373,4373,0,13
4374,4374,0,19
4375,4375,0,18
4376,4376,0,22
4377,4377,0,11
4378,4378,0,18
4379,4379,0,16
4380,4380,0,18
4381,4381,0,26
4382,4382,0,20
4383,4383,0,13
4384,4384,0,12
4385,4385,0,26
4386,4386,0,14
4387,4387,0,20
4388,4388,0,13
4389,4389,0,13
4390,4390,0,8
4391,4391,0,2
4392,4392,0,2
4393,4393,0,9
4394,4394,0,10
4395,4395,0,10
4396,4396,0,5
4397,4397,0,-3
4398,4398,0,6
4399,4399,0,14
4400,4400,0,4
4401,4401,0,16
4402,4402,0,8
4403,4403,0,5
4404,4404,0,8
4405,4405,0,4
4406,4406,0,6
4407,4407,0,8
4408,4408,0,20
4409,4409,0,15
4410,4410,0,12
4411,4411,0,8
4412,4412,0,13
4413,4413,0,6
4414,4414,0,12
4415,4415,0,8
4416,4416,0,9
4417,4417,0,9
4418,4418,0,10
4419,4419,0,11
4420,4420,0,12
4421,4421,0,12
4422,4422,0,5
4423,4423,0,4
4424,4424,0,6
4425,4425,0,12
4426,4426,0,6
4427,4427,0,15
4428,4428,0,19
4429,4429,0,18
4430,4430,0,11
4431,4431,0,27
4432,4432,0,10
4433,4433,0,20
4434,4434,0,8
4435,4435,0,10
4436,4436,0,10
4437,4437,0,16
4438,4438,0,9
4439,4439,0,14
4440,4440,0,13
4441,4441,0,18
4442,4442,0,22
4443,4443,0,14
4444,4444,0,15
4445,4445,0,13
4446,4446,0,15
4447,4447,0,20
4448,4448,0,6
4449,4449,0,18
4450,4450,0,24
4451,4451,0,14
4452,4452,0,7
4453,4453,0,9
4454,4454,0,10
4455,4455,0,7
4456,4456,0,4
4457,4457,0,17
4458,4458,0,11
4459,4459,0,14
4460,4460,0,12
4461,4461,0,21
4462,4462,0,15
4463,4463,0,-1
4464,4464,0,7
4465,4465,0,2
4466,4466,0,1
4467,4467,0,7
4468,4468,0,7
4469,4469,0,10
4470,4470,0,9
4471,4471,0,17
4472,4472,0,7
4473,4473,0,11
4474,4474,0,8
4475,4475,0,18
4476,4476,0,17
4477,4477,0,30
4478,4478,0,17
4479,4479,0,18
4480,4480,0,5
4481,4481,0,13
4482,4482,0,15
4483,4483,0,14
4484,4484,0,17
4485,4485,0,4
4486,4486,0,12
4487,4487,0,16
4488,4488,0,8
4489,4489,0,0
4490,4490,0,5
4491,4491,0,7
4492,4492,0,6
4493,4493,0,8
4494,4494,0,7
4495,4495,0,8
4496,4496,0,-3
4497,4497,0,12
4498,4498,0,12
4499,4499,0,12
4500,4500,0,4
4501,4501,0,14
4502,4502,0,0
4503,4503,0,17
4504,4504,0,6
4505,4505,0,12
4506,4506,0,16
4507,4507,0,14
4508,4508,0,11
4509,4509,0,8
4510,4510,0,13
4511,4511,0,13
4512,4512,0,5
4513,4513,0,10
4514,4514,0,17
4515,4515,0,17
4516,4516,0,16
4517,4517,0,9
4518,4518,0,19
4519,4519,0,22
4520,4520,0,20
4521,4521,0,10
4522,4522,0,13
4523,4523,0,8
4524,4524,0,13
4525,4525,0,16
4526,4526,0,32
4527,4527,0,21
4528,4528,0,20
4529,4529,0,21
4530,4530,0,15
4531,4531,0,18
4532,4532,0,23
4533,4533,0,19
4534,4534,0,17
4535,4535,0,16
4536,4536,0,14
4537,4537,0,17
4538,4538,0,10
4539,4539,0,4
4540,4540,0,15
4541,4541,0,11
4542,4542,0,12
4543,4543,0,15
4544,4544,0,17
4545,4545,0,18
4546,4546,0,16
4547,4547,0,15
4548,4548,0,12
4549,4549,0,21
4550,4550,0,19
4551,4551,0,8
4552,4552,0,2
4553,4553,0,8
4554,4554,0,9
4555,4555,0,5
4556,4556,0,0
4557,4557,0,16
4558,4558,0,18
4559,4559,0,20
4560,4560,0,8
4561,4561,0,15
4562,4562,0,5
4563,4563,0,-1
4564,4564,0,0
4565,4565,0,15
4566,4566,0,12
4567,4567,0,7
4568,4568,0,17
4569,4569,0,11
4570,4570,0,14
4571,4571,0,16
4572,4572,0,12
4573,4573,0,10
4574,4574,0,4
4575,4575,0,1
4576,4576,0,7
4577,4577,0,9
4578,4578,0,10
4579,4579,0,14
4580,4580,0,5
4581,4581,0,10
4582,4582,0,0
4583,4583,0,13
4584,4584,0,9
4585,4585,0,8
4586,4586,0,23
4587,4587,0,16
4588,4588,0,9
4589,4589,0,15
4590,4590,0,11
4591,4591,0,14
4592,4592,0,11
4593,4593,0,6
4594,4594,0,9
4595,4595,0,10
4596,4596,0,20
4597,4597,0,12
4598,4598,0,18
4599,4599,0,22
4600,4600,0,14
4601,4601,0,14
4602,4602,0,5
4603,4603,0,13
4604,4604,0,16
4605,4605,0,10
4606,4606,0,18
4607,4607,0,24
4608,4608,0,26
4609,4609,0,13
4610,4610,0,10
4611,4611,0,6
4612,4612,0,20
4613,4613,0,22
4614,4614,0,22
4615,4615,0,15
4616,4616,0,14
4617,4617,0,7
4618,4618,0,15
4619,4619,0,4
4620,4620,0,12
4621,4621,0,15
4622,4622,0,9
4623,4623,0,6
4624,4624,0,11
4625,4625,0,17
4626,4626,0,13
4627,4627,0,6
4628,4628,0,15
4629,4629,0,7
4630,4630,0,9
4631,4631,0,19
4632,4632,0,5
4633,4633,0,3
4634,4634,0,8
4635,4635,0,14
4636,4636,0,2
4637,4637,0,10
4638,4638,0,18
4639,4639,0,8
4640,4640,0,12
4641,4641,0,16
4642,4642,0,6
4643,4643,0,6
4644,4644,0,15
4645,4645,0,12
4646,4646,0,10
4647,4647,0,3
4648,4648,0,5
4649,4649,0,2
4650,4650,0,-5
4651,4651,0,2
4652,4652,0,-3
4653,4653,0,8
4654,4654,0,9
4655,4655,0,1
4656,4656,0,-3
4657,4657,0,8
4658,4658,0,7
4659,4659,0,6
4660,4660,0,9
4661,4661,0,9
4662,4662,0,15
4663,4663,0,8
4664,4664,0,9
4665,4665,0,18
4666,4666,0,15
4667,4667,0,18
4668,4668,0,11
4669,4669,0,18
4670,4670,0,28
4671,4671,0,9
4672,4672,0,13
4673,4673,0,15
4674,4674,0,11
4675,4675,0,24
4676,4676,0,14
4677,4677,0,21
4678,4678,0,17
4679,4679,0,13
4680,4680,0,9
4681,4681,0,8
4682,4682,0,4
4683,4683,0,14
4684,4684,0,13
4685,4685,0,14
4686,4686,0,15
4687,4687,0,7
4688,4688,0,11
4689,4689,0,10
4690,4690,0,15
4691,4691,0,15
4692,4692,0,10
4693,4693,0,14
4694,4694,0,7
4695,4695,0,7
4696,4696,0,6
4697,4697,0,17
4698,4698,0,15
4699,4699,0,18
4700,4700,0,10
4701,4701,0,8
4702,4702,0,5
4703,4703,0,11
4704,4704,0,13
4705,4705,0,19
4706,4706,0,11
4707,4707,0,10
4708,4708,0,5
4709,4709,0,15
4710,4710,0,11
4711,4711,0,12
4712,4712,0,12
4713,4713,0,14
4714,4714,0,3
4715,4715,0,0
4716,4716,0,-6
4717,4717,0,9
4718,4718,0,14
4719,4719,0,10
4720,4720,0,3
4721,4721,0,5
4722,4722,0,9
4723,4723,0,12
4724,4724,0,24
4725,4725,0,18
4726,4726,0,13
4727,4727,0,18
4728,4728,0,10
4729,4729,0,7
4730,4730,0,5
4731,4731,0,15
4732,4732,0,4
4733,4733,0,19
4734,4734,0,18
4735,4735,0,15
4736,4736,0,10
4737,4737,0,5
4738,4738,0,11
4739,4739,0,14
4740,4740,0,8
4741,4741,0,2
4742,4742,0,13
4743,4743,0,17
4744,4744,0,12
4745,4745,0,8
4746,4746,0,13
4747,4747,0,2
4748,4748,0,5
4749,4749,0,6
4750,4750,0,15
4751,4751,0,18
4752,4752,0,24
4753,4753,0,25
4754,4754,0,18
4755,4755,0,20
4756,4756,0,14
4757,4757,0,14
4758,4758,0,16
4759,4759,0,19
4760,4760,0,20
4761,4761,0,16
4762,4762,0,16
4763,4763,0,25
4764,4764,0,12
4765,4765,0,26
4766,4766,0,13
4767,4767,0,15
4768,4768,0,11
4769,4769,0,12
4770,4770,0,13
4771,4771,0,15
4772,4772,0,24
4773,4773,0,18
4774,4774,0,14
4775,4775,0,15
4776,4776,0,4
4777,4777,0,18
4778,4778,0,25
4779,4779,0,17
4780,4780,0,16
4781,4781,0,11
4782,4782,0,4
4783,4783,0,12
4784,4784,0,13
4785,4785,0,3
4786,4786,0,13
4787,4787,0,17
4788,4788,0,0
4789,4789,0,12
4790,4790,0,16
4791,4791,0,12
4792,4792,0,2
4793,4793,0,2
4794,4794,0,10
4795,4795,0,7
4796,4796,0,9
4797,4797,0,12
4798,4798,0,24
4799,4799,0,15
4800,4800,0,11
4801,4801,0,18
4802,4802,0,17
4803,4803,0,15
4804,4804,0,13
4805,4805,0,7
4806,4806,0,9
4807,4807,0,11
4808,4808,0,13
4809,4809,0,7
4810,4810,0,17
4811,4811,0,6
4812,4812,0,8
4813,4813,0,3
4814,4814,0,12
4815,4815,0,12
4816,4816,0,8
4817,4817,0,8
4818,4818,0,7
4819,4819,0,15
4820,4820,0,7
4821,4821,0,9
4822,4822,0,3
4823,4823,0,14
4824,4824,0,4
4825,4825,0,5
4826,4826,0,8
4827,4827,0,17
4828,4828,0,13
4829,4829,0,5
4830,4830,0,11
4831,4831,0,10
4832,4832,0,7
4833,4833,0,16
4834,4834,0,23
4835,4835,0,19
4836,4836,0,17
4837,4837,0,22
4838,4838,0,22
4839,4839,0,22
4840,4840,0,16
4841,4841,0,22
4842,4842,0,24
4843,4843,0,24
4844,4844,0,24
4845,4845,0,18
4846,4846,0,10
4847,4847,0,14
4848,4848,0,8
4849,4849,0,10
4850,4850,0,16
4851,4851,0,19
4852,4852,0,13
4853,4853,0,10
4854,4854,0,13
4855,4855,0,17
4856,4856,0,10
4857,4857,0,1
4858,4858,0,5
4859,4859,0,17
4860,4860,0,17
4861,4861,0,17
4862,4862,0,11
4863,4863,0,19
4864,4864,0,13
4865,4865,0,11
4866,4866,0,25
4867,4867,0,16
4868,4868,0,22
4869,4869,0,26
4870,4870,0,16
4871,4871,0,15
4872,4872,0,11
4873,4873,0,5
4874,4874,0,5
4875,4875,0,12
4876,4876,0,6
4877,4877,0,24
4878,4878,0,22
4879,4879,0,9
4880,4880,0,12
4881,4881,0,12
4882,4882,0,3
4883,4883,0,3
4884,4884,0,8
4885,4885,0,25
4886,4886,0,16
4887,4887,0,14
4888,4888,0,5
4889,4889,0,7
4890,4890,0,6
4891,4891,0,3
4892,4892,0,6
4893,4893,0,4
4894,4894,0,4
4895,4895,0,1
4896,4896,0,13
4897,4897,0,9
4898,4898,0,11
4899,4899,0,7
4900,4900,0,10
4901,4901,0,18
4902,4902,0,12
4903,4903,0,8
4904,4904,0,-1
4905,4905,0,12
4906,4906,0,8
4907,4907,0,6
4908,4908,0,19
4909,4909,0,18
4910,4910,0,21
4911,4911,0,18
4912,4912,0,6
4913,4913,0,11
4914,4914,0,10
4915,4915,0,16
4916,4916,0,19
4917,4917,0,6
4918,4918,0,22
4919,4919,0,13
4920,4920,0,19
4921,4921,0,14
4922,4922,0,16
4923,4923,0,12
4924,4924,0,20
4925,4925,0,24
4926,4926,0,10
4927,4927,0,20
4928,4928,0,24
4929,4929,0,18
4930,4930,0,16
4931,4931,0,20
4932,4932,0,2
4933,4933,0,14
4934,4934,0,11
4935,4935,0,12
4936,4936,0,20
4937,4937,0,8
4938,4938,0,13
4939,4939,0,9
4940,4940,0,8
4941,4941,0,9
4942,4942,0,20
4943,4943,0,14
4944,4944,0,18
4945,4945,0,23
4946,4946,0,20
4947,4947,0,23
4948,4948,0,11
4949,4949,0,8
4950,4950,0,7
4951,4951,0,12
4952,4952,0,6
4953,4953,0,6
4954,4954,0,2
4955,4955,0,2
4956,4956,0,4
4957,4957,0,4
4958,4958,0,7
4959,4959,0,3
4960,4960,0,6
4961,4961,0,25
4962,4962,0,10
4963,4963,0,8
4964,4964,0,5
4965,4965,0,10
4966,4966,0,6
4967,4967,0,17
4968,4968,0,11
4969,4969,0,6
4970,4970,0,15
4971,4971,0,11
4972,4972,0,17
4973,4973,0,14
4974,4974,0,1
4975,4975,0,3
4976,4976,0,8
4977,4977,0,9
4978,4978,0,3
4979,4979,0,12
4980,4980,0,12
4981,4981,0,5
4982,4982,0,1
4983,4983,0,10
4984,4984,0,8
4985,4985,0,10
4986,4986,0,19
4987,4987,0,12
4988,4988,0,15
4989,4989,0,14
4990,4990,0,19
4991,4991,0,13
4992,4992,0,8
4993,4993,0,15
4994,4994,0,10
4995,4995,0,16
4996,4996,0,14
4997,4997,0,20
4998,4998,0,9
4999,4999,0,10
5000,5000,0,17
5001,5001,0,13
5002,5002,0,21
5003,5003,0,21
5004,5004,0,33
5005,5005,0,22
5006,5006,0,18
5007,5007,0,8
5008,5008,0,10
5009,5009,0,10
5010,5010,0,16
5011,5011,0,4
5012,5012,0,18
5013,5013,0,10
5014,5014,0,16
5015,5015,0,21
5016,5016,0,14
5017,5017,0,15
5018,5018,0,14
5019,5019,0,7
5020,5020,0,15
5021,5021,0,8
5022,5022,0,13
5023,5023,0,7
5024,5024,0,20
5025,5025,0,14
5026,5026,0,15
5027,5027,0,10
5028,5028,0,18
5029,5029,0,12
5030,5030,0,17
5031,5031,0,14
5032,5032,0,11
5033,5033,0,6
5034,5034,0,9
5035,5035,0,13
5036,5036,0,11
5037,5037,0,2
5038,5038,0,1
5039,5039,0,2
5040,5040,0,7
5041,5041,0,-1
5042,5042,0,6
5043,5043,0,6
5044,5044,0,3
5045,5045,0,14
5046,5046,0,-3
5047,5047,0,5
5048,5048,0,18
5049,5049,0,8
5050,5050,0,3
5051,5051,0,10
5052,5052,0,10
5053,5053,0,3
5054,5054,0,7
5055,5055,0,8
5056,5056,0,14
5057,5057,0,10
5058,5058,0,7
5059,5059,0,1
5060,5060,0,13
5061,5061,0,14
5062,5062,0,19
5063,5063,0,10
5064,5064,0,11
5065,5065,0,12
5066,5066,0,14
5067,5067,0,11
5068,5068,0,7
5069,5069,0,5
5070,5070,0,12
5071,5071,0,2
5072,5072,0,13
5073,5073,0,9
5074,5074,0,10
5075,5075,0,15
5076,5076,0,11
5077,5077,0,6
5078,5078,0,8
5079,5079,0,15
5080,5080,0,14
5081,5081,0,16
5082,5082,0,7
5083,5083,0,13
5084,5084,0,11
5085,5085,0,23
5086,5086,0,16
5087,5087,0,9
5088,5088,0,12
5089,5089,0,10
5090,5090,0,17
5091,5091,0,15
5092,5092,0,9
5093,5093,0,14
5094,5094,0,6
5095,5095,0,12
5096,5096,0,7
5097,5097,0,16
5098,5098,0,3
5099,5099,0,13
5100,5100,0,18
5101,5101,0,16
5102,5102,0,12
5103,5103,0,19
5104,5104,0,8
5105,5105,0,3
5106,5106,0,8
5107,5107,0,17
5108,5108,0,16
5109,5109,0,0
5110,5110,0,2
5111,5111,0,5
5112,5112,0,4
5113,5113,0,15
5114,5114,0,22
5115,5115,0,11
5116,5116,0,13
5117,5117,0,12
5118,5118,0,7
5119,5119,0,-2
5120,5120,0,0
5121,5121,0,3
5122,5122,0,3
5123,5123,0,10
5124,5124,0,1
5125,5125,0,12
5126,5126,0,9
5127,5127,0,-2
5128,5128,0,7
5129,5129,0,10
5130,5130,0,8
5131,5131,0,16
5132,5132,0,20
5133,5133,0,9
5134,5134,0,14
5135,5135,0,11
5136,5136,0,5
5137,5137,0,7
5138,5138,0,17
5139,5139,0,9
5140,5140,0,7
5141,5141,0,16
5142,5142,0,7
5143,5143,0,14
5144,5144,0,8
5145,5145,0,2
5146,5146,0,5
5147,5147,0,-1
5148,5148,0,10
5149,5149,0,10
5150,5150,0,9
5151,5151,0,10
5152,5152,0,10
5153,5153,0,16
5154,5154,0,16
5155,5155,0,17
5156,5156,0,16
5157,5157,0,24
5158,5158,0,25
5159,5159,0,14
5160,5160,0,16
5161,5161,0,8
5162,5162,0,18
5163,5163,0,18
5164,5164,0,15
5165,5165,0,12
5166,5166,0,9
5167,5167,0,2
5168,5168,0,6
5169,5169,0,17
5170,5170,0,13
5171,5171,0,24
5172,5172,0,9
5173,5173,0,14
5174,5174,0,8
5175,5175,0,11
5176,5176,0,14
5177,5177,0,15
5178,5178,0,14
5179,5179,0,19
5180,5180,0,1
5181,5181,0,13
5182,5182,0,10
5183,5183,0,19
5184,5184,0,22
5185,5185,0,17
5186,5186,0,10
5187,5187,0,13
5188,5188,0,6
5189,5189,0,10
5190,5190,0,12
5191,5191,0,2
5192,5192,0,-1
5193,5193,0,2
5194,5194,0,7
5195,5195,0,6
5196,5196,0,10
5197,5197,0,5
5198,5198,0,7
5199,5199,0,11
5200,5200,0,25
5201,5201,0,3
5202,5202,0,5
5203,5203,0,17
5204,5204,0,10
5205,5205,0,12
5206,5206,0,28
5207,5207,0,12
5208,5208,0,1
5209,5209,0,0
5210,5210,0,2
5211,5211,0,5
5212,5212,0,2
5213,5213,0,16
5214,5214,0,7
5215,5215,0,8
5216,5216,0,16
5217,5217,0,24
5218,5218,0,11
5219,5219,0,5
5220,5220,0,0
5221,5221,0,1
5222,5222,0,18
5223,5223,0,13
5224,5224,0,15
5225,5225,0,15
5226,5226,0,7
5227,5227,0,9
5228,5228,0,11
5229,5229,0,8
5230,5230,0,15
5231,5231,0,14
5232,5232,0,14
5233,5233,0,12
5234,5234,0,12
5235,5235,0,1
5236,5236,0,4
5237,5237,0,7
5238,5238,0,14
5239,5239,0,18
5240,5240,0,17
5241,5241,0,12
5242,5242,0,13
5243,5243,0,11
5244,5244,0,18
5245,5245,0,17
5246,5246,0,17
5247,5247,0,12
5248,5248,0,15
5249,5249,0,13
5250,5250,0,7
5251,5251,0,7
5252,5252,0,9
5253,5253,0,14
5254,5254,0,11
5255,5255,0,14
5256,5256,0,13
5257,5257,0,17
5258,5258,0,5
5259,5259,0,13
5260,5260,0,13
5261,5261,0,5
5262,5262,0,3
5263,5263,0,10
5264,5264,0,16
5265,5265,0,17
5266,5266,0,18
5267,5267,0,8
5268,5268,0,21
5269,5269,0,13
5270,5270,0,7
5271,5271,0,7
5272,5272,0,3
5273,5273,0,6
5274,5274,0,11
5275,5275,0,17
5276,5276,0,10
5277,5277,0,22
5278,5278,0,17
5279,5279,0,6
5280,5280,0,10
5281,5281,0,3
5282,5282,0,-3
5283,5283,0,-2
5284,5284,0,2
5285,5285,0,-4
5286,5286,0,6
5287,5287,0,17
5288,5288,0,-4
5289,5289,0,-3
5290,5290,0,-4
5291,5291,0,7
5292,5292,0,-1
5293,5293,0,-3
5294,5294,0,2
5295,5295,0,6
5296,5296,0,4
5297,5297,0,13
5298,5298,0,9
5299,5299,0,15
5300,5300,0,14
5301,5301,0,12
5302,5302,0,12
5303,5303,0,8
5304,5304,0,10
5305,5305,0,9
5306,5306,0,11
5307,5307,0,9
5308,5308,0,-2
5309,5309,0,1
5310,5310,0,10
5311,5311,0,8
5312,5312,0,15
5313,5313,0,14
5314,5314,0,21
5315,5315,0,17
5316,5316,0,14
5317,5317,0,9
5318,5318,0,12
5319,5319,0,14
5320,5320,0,18
5321,5321,0,14
5322,5322,0,13
5323,5323,0,12
5324,5324,0,12
5325,5325,0,19
5326,5326,0,15
5327,5327,0,21
5328,5328,0,22
5329,5329,0,13
5330,5330,0,7
5331,5331,0,19
5332,5332,0,14
5333,5333,0,17
5334,5334,0,15
5335,5335,0,11
5336,5336,0,10
5337,5337,0,13
5338,5338,0,15
5339,5339,0,19
5340,5340,0,19
5341,5341,0,22
5342,5342,0,15
5343,5343,0,6
5344,5344,0,11
5345,5345,0,26
5346,5346,0,10
5347,5347,0,18
5348,5348,0,3
5349,5349,0,12
5350,5350,0,4
5351,5351,0,6
5352,5352,0,8
5353,5353,0,12
5354,5354,0,5
5355,5355,0,10
5356,5356,0,11
5357,5357,0,7
5358,5358,0,12
5359,5359,0,5
5360,5360,0,4
5361,5361,0,5
5362,5362,0,19
5363,5363,0,11
5364,5364,0,-3
5365,5365,0,16
5366,5366,0,12
5367,5367,0,12
5368,5368,0,19
5369,5369,0,16
5370,5370,0,16
5371,5371,0,14
5372,5372,0,8
5373,5373,0,4
5374,5374,0,3
5375,5375,0,10
5376,5376,0,9
5377,5377,0,2
5378,5378,0,11
5379,5379,0,2
5380,5380,0,4
5381,5381,0,3
5382,5382,0,11
5383,5383,0,2
5384,5384,0,17
5385,5385,0,19
5386,5386,0,19
5387,5387,0,12
5388,5388,0,11
5389,5389,0,8
5390,5390,0,17
5391,5391,0,18
5392,5392,0,17
5393,5393,0,6
5394,5394,0,4
5395,5395,0,10
5396,5396,0,16
5397,5397,0,19
5398,5398,0,12
5399,5399,0,17
5400,5400,0,14
5401,5401,0,11
5402,5402,0,17
5403,5403,0,10
5404,5404,0,7
5405,5405,0,23
5406,5406,0,12
5407,5407,0,14
5408,5408,0,17
5409,5409,0,14
5410,5410,0,23
5411,5411,0,22
5412,5412,0,13
5413,5413,0,13
5414,5414,0,16
5415,5415,0,21
5416,5416,0,17
5417,5417,0,12
5418,5418,0,11
5419,5419,0,14
5420,5420,0,11
5421,5421,0,10
5422,5422,0,19
5423,5423,0,21
5424,5424,0,21
5425,5425,0,21
5426,5426,0,14
5427,5427,0,8
5428,5428,0,18
5429,5429,0,10
5430,5430,0,0
5431,5431,0,6
5432,5432,0,14
5433,5433,0,15
5434,5434,0,15
5435,5435,0,8
5436,5436,0,15
5437,5437,0,1
5438,5438,0,13
5439,5439,0,-3
5440,5440,0,6
5441,5441,0,7
5442,5442,0,12
5443,5443,0,19
5444,5444,0,11
5445,5445,0,14
5446,5446,0,20
5447,5447,0,4
5448,5448,0,2
5449,5449,0,8
5450,5450,0,9
5451,5451,0,10
5452,5452,0,10
5453,5453,0,16
5454,5454,0,11
5455,5455,0,3
5456,5456,0,5
5457,5457,0,8
5458,5458,0,7
5459,5459,0,9
5460,5460,0,7
5461,5461,0,3
5462,5462,0,5
5463,5463,0,7
5464,5464,0,9
5465,5465,0,2
5466,5466,0,22
5467,5467,0,9
5468,5468,0,21
5469,5469,0,22
5470,5470,0,18
5471,5471,0,24
5472,5472,0,14
5473,5473,0,9
5474,5474,0,2
5475,5475,0,13
5476,5476,0,16
5477,5477,0,12
5478,5478,0,20
5479,5479,0,18
5480,5480,0,10
5481,5481,0,22
5482,5482,0,14
5483,5483,0,11
5484,5484,0,17
5485,5485,0,11
5486,5486,0,16
5487,5487,0,13
5488,5488,0,14
5489,5489,0,11
5490,5490,0,19
5491,5491,0,14
5492,5492,0,10
5493,5493,0,13
5494,5494,0,11
5495,5495,0,15
5496,5496,0,13
5497,5497,0,19
5498,5498,0,13
5499,5499,0,14
5500,5500,0,19
5501,5501,0,12
5502,5502,0,10
5503,5503,0,16
5504,5504,0,13
5505,5505,0,13
5506,5506,0,4
5507,5507,0,4
5508,5508,0,3
5509,5509,0,9
5510,5510,0,9
5511,5511,0,10
5512,5512,0,6
5513,5513,0,11
5514,5514,0,9
5515,5515,0,20
5516,5516,0,12
5517,5517,0,4
5518,5518,0,16
5519,5519,0,1
5520,5520,0,6
5521,5521,0,13
5522,5522,0,15
5523,5523,0,11
5524,5524,0,13
5525,5525,0,15
5526,5526,0,14
5527,5527,0,3
5528,5528,0,0
5529,5529,0,10
5530,5530,0,8
5531,5531,0,15
5532,5532,0,17
5533,5533,0,7
5534,5534,0,22
5535,5535,0,22
5536,5536,0,14
5537,5537,0,14
5538,5538,0,12
5539,5539,0,16
5540,5540,0,12
5541,5541,0,2
5542,5542,0,14
5543,5543,0,8
5544,5544,0,14
5545,5545,0,16
5546,5546,0,17
5547,5547,0,12
5548,5548,0,18
5549,5549,0,5
5550,5550,0,11
5551,5551,0,19
5552,5552,0,16
5553,5553,0,9
5554,5554,0,17
5555,5555,0,21
5556,5556,0,7
5557,5557,0,23
5558,5558,0,14
5559,5559,0,20
5560,5560,0,15
5561,5561,0,16
5562,5562,0,14
5563,5563,0,12
5564,5564,0,15
5565,5565,0,15
5566,5566,0,11
5567,5567,0,12
5568,5568,0,13
5569,5569,0,5
5570,5570,0,10
5571,5571,0,17
5572,5572,0,19
5573,5573,0,19
5574,5574,0,11
5575,5575,0,7
5576,5576,0,6
5577,5577,0,18
5578,5578,0,19
5579,5579,0,11
5580,5580,0,8
5581,5581,0,18
5582,5582,0,8
5583,5583,0,9
5584,5584,0,10
5585,5585,0,13
5586,5586,0,18
5587,5587,0,15
5588,5588,0,10
5589,5589,0,17
5590,5590,0,13
5591,5591,0,11
5592,5592,0,6
5593,5593,0,9
5594,5594,0,6
5595,5595,0,12
5596,5596,0,10
5597,5597,0,17
5598,5598,0,14
5599,5599,0,14
5600,5600,0,12
5601,5601,0,5
5602,5602,0,8
5603,5603,0,13
5604,5604,0,4
5605,5605,0,9
5606,5606,0,4
5607,5607,0,5
5608,5608,0,-5
5609,5609,0,-1
5610,5610,0,-9
5611,5611,0,12
5612,5612,0,1
5613,5613,0,22
5614,5614,0,12
5615,5615,0,11
5616,5616,0,14
5617,5617,0,9
5618,5618,0,10
5619,5619,0,9
5620,5620,0,4
5621,5621,0,6
5622,5622,0,6
5623,5623,0,12
5624,5624,0,4
5625,5625,0,8
5626,5626,0,6
5627,5627,0,16
5628,5628,0,8
5629,5629,0,17
5630,5630,0,18
5631,5631,0,12
5632,5632,0,21
5633,5633,0,10
5634,5634,0,10
5635,5635,0,13
5636,5636,0,8
5637,5637,0,16
5638,5638,0,9
5639,5639,0,14
5640,5640,0,14
5641,5641,0,11
5642,5642,0,8
5643,5643,0,9
5644,5644,0,10
5645,5645,0,15
5646,5646,0,16
5647,5647,0,13
5648,5648,0,12
5649,5649,0,6
5650,5650,0,15
5651,5651,0,24
5652,5652,0,15
5653,5653,0,16
5654,5654,0,13
5655,5655,0,5
5656,5656,0,13
5657,5657,0,14
5658,5658,0,12
5659,5659,0,12
5660,5660,0,25
5661,5661,0,14
5662,5662,0,2
5663,5663,0,7
5664,5664,0,15
5665,5665,0,15
5666,5666,0,8
5667,5667,0,7
5668,5668,0,3
5669,5669,0,5
5670,5670,0,3
5671,5671,0,4
5672,5672,0,6
5673,5673,0,15
5674,5674,0,9
5675,5675,0,8
5676,5676,0,3
5677,5677,0,4
5678,5678,0,11
5679,5679,0,2
5680,5680,0,9
5681,5681,0,14
5682,5682,0,6
5683,5683,0,4
5684,5684,0,8
5685,5685,0,15
5686,5686,0,11
5687,5687,0,11
5688,5688,0,12
5689,5689,0,25
5690,5690,0,7
5691,5691,0,22
5692,5692,0,17
5693,5693,0,19
5694,5694,0,20
5695,5695,0,9
5696,5696,0,14
5697,5697,0,10
5698,5698,0,4
5699,5699,0,9
5700,5700,0,6
5701,5701,0,2
5702,5702,0,12
5703,5703,0,8
5704,5704,0,3
5705,5705,0,15
5706,5706,0,10
5707,5707,0,12
5708,5708,0,5
5709,5709,0,20
5710,5710,0,15
5711,5711,0,18
5712,5712,0,9
5713,5713,0,12
5714,5714,0,18
5715,5715,0,14
5716,5716,0,18
5717,5717,0,16
5718,5718,0,26
5719,5719,0,16
5720,5720,0,20
5721,5721,0,9
5722,5722,0,20
5723,5723,0,10
5724,5724,0,16
5725,5725,0,15
5726,5726,0,19
5727,5727,0,9
5728,5728,0,11
5729,5729,0,14
5730,5730,0,5
5731,5731,0,10
5732,5732,0,16
5733,5733,0,6
5734,5734,0,15
5735,5735,0,25
5736,5736,0,5
5737,5737,0,16
5738,5738,0,17
5739,5739,0,8
5740,5740,0,12
5741,5741,0,13
5742,5742,0,3
5743,5743,0,18
5744,5744,0,10
5745,5745,0,10
5746,5746,0,2
5747,5747,0,4
5748,5748,0,10
5749,5749,0,9
5750,5750,0,6
5751,5751,0,7
5752,5752,0,15
5753,5753,0,18
5754,5754,0,14
5755,5755,0,10
5756,5756,0,5
5757,5757,0,9
5758,5758,0,0
5759,5759,0,8
5760,5760,0,9
5761,5761,0,16
5762,5762,0,9
5763,5763,0,11
5764,5764,0,1
5765,5765,0,2
5766,5766,0,6
5767,5767,0,9
5768,5768,0,16
5769,5769,0,7
5770,5770,0,-2
5771,5771,0,4
5772,5772,0,1
5773,5773,0,6
5774,5774,0,15
5775,5775,0,11
5776,5776,0,5
5777,5777,0,7
5778,5778,0,3
5779,5779,0,9
5780,5780,0,14
5781,5781,0,-2
5782,5782,0,19
5783,5783,0,-6
5784,5784,0,0
5785,5785,0,6
5786,5786,0,15
5787,5787,0,22
5788,5788,0,3
5789,5789,0,12
5790,5790,0,9
5791,5791,0,17
5792,5792,0,12
5793,5793,0,14
5794,5794,0,12
5795,5795,0,10
5796,5796,0,17
5797,5797,0,14
5798,5798,0,17
5799,5799,0,13
5800,5800,0,21
5801,5801,0,18
5802,5802,0,8
5803,5803,0,14
5804,5804,0,3
5805,5805,0,15
5806,5806,0,17
5807,5807,0,17
5808,5808,0,20
5809,5809,0,21
5810,5810,0,12
5811,5811,0,16
5812,5812,0,14
5813,5813,0,12
5814,5814,0,12
5815,5815,0,15
5816,5816,0,17
5817,5817,0,11
5818,5818,0,14
5819,5819,0,15
5820,5820,0,12
5821,5821,0,24
5822,5822,0,9
5823,5823,0,1
5824,5824,0,0
5825,5825,0,3
5826,5826,0,6
5827,5827,0,3
5828,5828,0,6
5829,5829,0,18
5830,5830,0,5
5831,5831,0,10
5832,5832,0,12
5833,5833,0,1
5834,5834,0,3
5835,5835,0,12
5836,5836,0,3
5837,5837,0,13
5838,5838,0,6
5839,5839,0,1
5840,5840,0,4
5841,5841,0,13
5842,5842,0,11
5843,5843,0,4
5844,5844,0,11
5845,5845,0,7
5846,5846,0,11
5847,5847,0,14
5848,5848,0,10
5849,5849,0,15
5850,5850,0,10
5851,5851,0,11
5852,5852,0,8
5853,5853,0,10
5854,5854,0,10
5855,5855,0,15
5856,5856,0,14
5857,5857,0,2
5858,5858,0,14
5859,5859,0,6
5860,5860,0,5
5861,5861,0,6
5862,5862,0,2
5863,5863,0,9
5864,5864,0,-1
5865,5865,0,7
5866,5866,0,16
5867,5867,0,12
5868,5868,0,6
5869,5869,0,11
5870,5870,0,9
5871,5871,0,6
5872,5872,0,12
5873,5873,0,10
5874,5874,0,20
5875,5875,0,17
5876,5876,0,20
5877,5877,0,20
5878,5878,0,12
5879,5879,0,10
5880,5880,0,19
5881,5881,0,14
5882,5882,0,18
5883,5883,0,12
5884,5884,0,17
5885,5885,0,12
5886,5886,0,23
5887,5887,0,13
5888,5888,0,15
5889,5889,0,13
5890,5890,0,11
5891,5891,0,9
5892,5892,0,8
5893,5893,0,10
5894,5894,0,5
5895,5895,0,12
5896,5896,0,12
5897,5897,0,11
5898,5898,0,5
5899,5899,0,12
5900,5900,0,13
5901,5901,0,18
5902,5902,0,24
5903,5903,0,10
5904,5904,0,15
5905,5905,0,12
5906,5906,0,20
5907,5907,0,12
5908,5908,0,6
5909,5909,0,9
5910,5910,0,13
5911,5911,0,8
5912,5912,0,5
5913,5913,0,1
5914,5914,0,12
5915,5915,0,11
5916,5916,0,24
5917,5917,0,11
5918,5918,0,17
5919,5919,0,17
5920,5920,0,3
5921,5921,0,4
5922,5922,0,20
5923,5923,0,5
5924,5924,0,12
5925,5925,0,3
5926,5926,0,13
5927,5927,0,24
5928,5928,0,9
5929,5929,0,13
5930,5930,0,13
5931,5931,0,14
5932,5932,0,8
5933,5933,0,4
5934,5934,0,17
5935,5935,0,8
5936,5936,0,7
5937,5937,0,8
5938,5938,0,12
5939,5939,0,13
5940,5940,0,7
5941,5941,0,14
5942,5942,0,20
5943,5943,0,23
5944,5944,0,20
5945,5945,0,14
5946,5946,0,10
5947,5947,0,5
5948,5948,0,10
5949,5949,0,10
5950,5950,0,6
5951,5951,0,19
5952,5952,0,15
5953,5953,0,15
5954,5954,0,16
5955,5955,0,21
5956,5956,0,24
5957,5957,0,13
5958,5958,0,23
5959,5959,0,17
5960,5960,0,22
5961,5961,0,20
5962,5962,0,16
5963,5963,0,29
5964,5964,0,27
5965,5965,0,23
5966,5966,0,27
5967,5967,0,14
5968,5968,0,11
5969,5969,0,10
5970,5970,0,14
5971,5971,0,24
5972,5972,0,29
5973,5973,0,20
5974,5974,0,13
5975,5975,0,12
5976,5976,0,19
5977,5977,0,22
5978,5978,0,24
5979,5979,0,18
5980,5980,0,20
5981,5981,0,6
5982,5982,0,10
5983,5983,0,7
5984,5984,0,12
5985,5985,0,16
5986,5986,0,17
5987,5987,0,21
5988,5988,0,28
5989,5989,0,22
5990,5990,0,23
5991,5991,0,11
5992,5992,0,22
5993,5993,0,10
5994,5994,0,-1
5995,5995,0,16
5996,5996,0,11
5997,5997,0,8
5998,5998,0,11
5999,5999,0,4
6000,6000,0,-2
6001,6001,0,-3
6002,6002,0,17
6003,6003,0,2
6004,6004,0,6
6005,6005,0,3
6006,6006,0,5
6007,6007,0,1
6008,6008,0,5
6009,6009,0,7
6010,6010,0,10
6011,6011,0,15
6012,6012,0,10
6013,6013,0,8
6014,6014,0,9
6015,6015,0,3
6016,6016,0,11
6017,6017,0,19
6018,6018,0,14
6019,6019,0,24
6020,6020,0,13
6021,6021,0,20
6022,6022,0,13
6023,6023,0,11
6024,6024,0,16
6025,6025,0,11
6026,6026,0,23
6027,6027,0,18
6028,6028,0,14
6029,6029,0,15
6030,6030,0,13
6031,6031,0,8
6032,6032,0,10
6033,6033,0,11
6034,6034,0,12
6035,6035,0,3
6036,6036,0,5
6037,6037,0,15
6038,6038,0,16
6039,6039,0,16
6040,6040,0,13
6041,6041,0,15
6042,6042,0,11
6043,6043,0,20
6044,6044,0,13
6045,6045,0,20
6046,6046,0,14
6047,6047,0,9
6048,6048,0,16
6049,6049,0,20
6050,6050,0,16
6051,6051,0,17
6052,6052,0,20
6053,6053,0,12
6054,6054,0,18
6055,6055,0,-1
6056,6056,0,14
6057,6057,0,11
6058,6058,0,12
6059,6059,0,16
6060,6060,0,14
6061,6061,0,12
6062,6062,0,8
6063,6063,0,5
6064,6064,0,4
6065,6065,0,11
6066,6066,0,15
6067,6067,0,17
6068,6068,0,5
6069,6069,0,1
6070,6070,0,5
6071,6071,0,9
6072,6072,0,12
6073,6073,0,22
6074,6074,0,18
6075,6075,0,13
6076,6076,0,11
6077,6077,0,15
6078,6078,0,9
6079,6079,0,7
6080,6080,0,11
6081,6081,0,17
6082,6082,0,5
6083,6083,0,10
6084,6084,0,18
6085,6085,0,2
6086,6086,0,1
6087,6087,0,11
6088,6088,0,5
6089,6089,0,10
6090,6090,0,4
6091,6091,0,14
6092,6092,0,15
6093,6093,0,9
6094,6094,0,6
6095,6095,0,4
6096,6096,0,13
6097,6097,0,13
6098,6098,0,11
6099,6099,0,0
6100,6100,0,6
6101,6101,0,14
6102,6102,0,24
6103,6103,0,17
6104,6104,0,12
6105,6105,0,12
6106,6106,0,9
6107,6107,0,6
6108,6108,0,11
6109,6109,0,14
6110,6110,0,11
6111,6111,0,12
6112,6112,0,9
6113,6113,0,6
6114,6114,0,6
6115,6115,0,14
6116,6116,0,13
6117,6117,0,6
6118,6118,0,3
6119,6119,0,10
6120,6120,0,17
6121,6121,0,21
6122,6122,0,25
6123,6123,0,20
6124,6124,0,14
6125,6125,0,21
6126,6126,0,20
6127,6127,0,20
6128,6128,0,21
6129,6129,0,17
6130,6130,0,8
6131,6131,0,6
6132,6132,0,12
6133,6133,0,18
6134,6134,0,16
6135,6135,0,19
6136,6136,0,11
6137,6137,0,12
6138,6138,0,0
6139,6139,0,3
6140,6140,0,4
6141,6141,0,16
6142,6142,0,11
6143,6143,0,21
6144,6144,0,11
6145,6145,0,13
6146,6146,0,16
6147,6147,0,12
6148,6148,0,11
6149,6149,0,7
6150,6150,0,6
6151,6151,0,6
6152,6152,0,10
6153,6153,0,6
6154,6154,0,12
6155,6155,0,14
6156,6156,0,7
6157,6157,0,2
6158,6158,0,0
6159,6159,0,10
6160,6160,0,18
6161,6161,0,10
6162,6162,0,-2
6163,6163,0,2
6164,6164,0,14
6165,6165,0,12
6166,6166,0,-3
6167,6167,0,10
6168,6168,0,2
6169,6169,0,12
6170,6170,0,1
6171,6171,0,4
6172,6172,0,-6
6173,6173,0,-2
6174,6174,0,-1
6175,6175,0,0
6176,6176,0,8
6177,6177,0,10
6178,6178,0,8
6179,6179,0,2
6180,6180,0,11
6181,6181,0,5
6182,6182,0,13
6183,6183,0,15
6184,6184,0,11
6185,6185,0,11
6186,6186,0,14
6187,6187,0,12
6188,6188,0,4
6189,6189,0,6
6190,6190,0,7
6191,6191,0,7
6192,6192,0,9
6193,6193,0,14
6194,6194,0,9
6195,6195,0,12
6196,6196,0,7
6197,6197,0,18
6198,6198,0,16
6199,6199,0,17
6200,6200,0,13
6201,6201,0,17
6202,6202,0,5
6203,6203,0,14
6204,6204,0,25
6205,6205,0,25
6206,6206,0,17
6207,6207,0,27
6208,6208,0,18
6209,6209,0,9
6210,6210,0,15
6211,6211,0,7
6212,6212,0,17
6213,6213,0,16
6214,6214,0,20
6215,6215,0,23
6216,6216,0,12
6217,6217,0,18
6218,6218,0,10
6219,6219,0,10
6220,6220,0,6
6221,6221,0,11
6222,6222,0,17
6223,6223,0,13
6224,6224,0,10
6225,6225,0,15
6226,6226,0,9
6227,6227,0,14
6228,6228,0,20
6229,6229,0,25
6230,6230,0,22
6231,6231,0,12
6232,6232,0,8
6233,6233,0,18
6234,6234,0,1
6235,6235,0,17
6236,6236,0,7
6237,6237,0,10
6238,6238,0,4
6239,6239,0,14
6240,6240,0,21
6241,6241,0,8
6242,6242,0,10
6243,6243,0,5
6244,6244,0,3
6245,6245,0,11
6246,6246,0,3
6247,6247,0,5
6248,6248,0,17
6249,6249,0,11
6250,6250,0,19
6251,6251,0,11
6252,6252,0,12
6253,6253,0,7
6254,6254,0,3
6255,6255,0,13
6256,6256,0,19
6257,6257,0,16
6258,6258,0,15
6259,6259,0,19
6260,6260,0,7
6261,6261,0,17
6262,6262,0,16
6263,6263,0,13
6264,6264,0,17
6265,6265,0,13
6266,6266,0,10
6267,6267,0,12
6268,6268,0,13
6269,6269,0,9
6270,6270,0,4
6271,6271,0,22
6272,6272,0,6
6273,6273,0,9
6274,6274,0,11
6275,6275,0,13
6276,6276,0,14
6277,6277,0,11
6278,6278,0,8
6279,6279,0,19
6280,6280,0,11
6281,6281,0,22
6282,6282,0,23
6283,6283,0,18
6284,6284,0,12
6285,6285,0,7
6286,6286,0,18
6287,6287,0,12
6288,6288,0,13
6289,6289,0,17
6290,6290,0,18
6291,6291,0,17
6292,6292,0,15
6293,6293,0,9
6294,6294,0,12
6295,6295,0,4
6296,6296,0,9
6297,6297,0,18
6298,6298,0,15
6299,6299,0,11
6300,6300,0,19
6301,6301,0,10
6302,6302,0,14
6303,6303,0,12
6304,6304,0,14
6305,6305,0,15
6306,6306,0,16
6307,6307,0,14
6308,6308,0,6
6309,6309,0,13
6310,6310,0,0
6311,6311,0,10
6312,6312,0,8
6313,6313,0,-2
6314,6314,0,8
6315,6315,0,10
6316,6316,0,17
6317,6317,0,6
6318,6318,0,6
6319,6319,0,8
6320,6320,0,18
6321,6321,0,6
6322,6322,0,23
6323,6323,0,10
6324,6324,0,24
6325,6325,0,9
6326,6326,0,3
6327,6327,0,23
6328,6328,0,12
6329,6329,0,18
6330,6330,0,15
6331,6331,0,13
6332,6332,0,14
6333,6333,0,4
6334,6334,0,9
6335,6335,0,6
6336,6336,0,2
6337,6337,0,6
6338,6338,0,19
6339,6339,0,18
6340,6340,0,14
6341,6341,0,9
6342,6342,0,7
6343,6343,0,8
6344,6344,0,5
6345,6345,0,8
6346,6346,0,5
6347,6347,0,14
6348,6348,0,14
6349,6349,0,15
6350,6350,0,17
6351,6351,0,13
6352,6352,0,10
6353,6353,0,14
6354,6354,0,9
6355,6355,0,18
6356,6356,0,20
6357,6357,0,17
6358,6358,0,9
6359,6359,0,15
6360,6360,0,8
6361,6361,0,9
6362,6362,0,12
6363,6363,0,19
6364,6364,0,15
6365,6365,0,11
6366,6366,0,15
6367,6367,0,12
6368,6368,0,20
6369,6369,0,12
6370,6370,0,11
6371,6371,0,17
6372,6372,0,20
6373,6373,0,10
6374,6374,0,14
6375,6375,0,17
6376,6376,0,17
6377,6377,0,11
6378,6378,0,12
6379,6379,0,8
6380,6380,0,11
6381,6381,0,11
6382,6382,0,15
6383,6383,0,16
6384,6384,0,17
6385,6385,0,21
6386,6386,0,12
6387,6387,0,17
6388,6388,0,14
6389,6389,0,8
6390,6390,0,16
6391,6391,0,14
6392,6392,0,5
6393,6393,0,4
6394,6394,0,-8
6395,6395,0,5
6396,6396,0,4
6397,6397,0,18
6398,6398,0,6
6399,6399,0,15
6400,6400,0,17
6401,6401,0,7
6402,6402,0,3
6403,6403,0,1
6404,6404,0,9
6405,6405,0,13
6406,6406,0,14
6407,6407,0,9
6408,6408,0,10
6409,6409,0,13
6410,6410,0,14
6411,6411,0,14
6412,6412,0,9
6413,6413,0,12
6414,6414,0,8
6415,6415,0,11
6416,6416,0,7
6417,6417,0,16
6418,6418,0,6
6419,6419,0,8
6420,6420,0,12
6421,6421,0,13
6422,6422,0,13
6423,6423,0,15
6424,6424,0,6
6425,6425,0,7
6426,6426,0,16
6427,6427,0,11
6428,6428,0,9
6429,6429,0,16
6430,6430,0,13
6431,6431,0,17
6432,6432,0,15
6433,6433,0,17
6434,6434,0,16
6435,6435,0,13
6436,6436,0,27
6437,6437,0,15
6438,6438,0,13
6439,6439,0,14
6440,6440,0,10
6441,6441,0,14
6442,6442,0,11
6443,6443,0,9
6444,6444,0,18
6445,6445,0,12
6446,6446,0,16
6447,6447,0,12
6448,6448,0,21
6449,6449,0,18
6450,6450,0,17
6451,6451,0,15
6452,6452,0,10
6453,6453,0,15
6454,6454,0,11
6455,6455,0,15
6456,6456,0,11
6457,6457,0,10
6458,6458,0,11
6459,6459,0,20
6460,6460,0,16
6461,6461,0,3
6462,6462,0,17
6463,6463,0,6
6464,6464,0,3
6465,6465,0,3
6466,6466,0,8
6467,6467,0,8
6468,6468,0,15
6469,6469,0,12
6470,6470,0,13
6471,6471,0,8
6472,6472,0,16
6473,6473,0,8
6474,6474,0,17
6475,6475,0,10
6476,6476,0,6
6477,6477,0,7
6478,6478,0,1
6479,6479,0,3
6480,6480,0,0
6481,6481,0,8
6482,6482,0,9
6483,6483,0,8
6484,6484,0,8
6485,6485,0,10
6486,6486,0,7
6487,6487,0,4
6488,6488,0,0
6489,6489,0,-2
6490,6490,0,14
6491,6491,0,4
6492,6492,0,4
6493,6493,0,10
6494,6494,0,7
6495,6495,0,20
6496,6496,0,6
6497,6497,0,18
6498,6498,0,10
6499,6499,0,11
6500,6500,0,8
6501,6501,0,11
6502,6502,0,6
6503,6503,0,10
6504,6504,0,11
6505,6505,0,15
6506,6506,0,15
6507,6507,0,22
6508,6508,0,16
6509,6509,0,21
6510,6510,0,5
6511,6511,0,15
6512,6512,0,7
6513,6513,0,11
6514,6514,0,18
6515,6515,0,16
6516,6516,0,14
6517,6517,0,11
6518,6518,0,17
6519,6519,0,23
6520,6520,0,13
6521,6521,0,16
6522,6522,0,14
6523,6523,0,16
6524,6524,0,15
6525,6525,0,12
6526,6526,0,17
6527,6527,0,10
6528,6528,0,13
6529,6529,0,13
6530,6530,0,20
6531,6531,0,9
6532,6532,0,23
6533,6533,0,11
6534,6534,0,9
6535,6535,0,12
6536,6536,0,19
6537,6537,0,14
6538,6538,0,18
6539,6539,0,15
6540,6540,0,9
6541,6541,0,13
6542,6542,0,13
6543,6543,0,9
6544,6544,0,12
6545,6545,0,14
6546,6546,0,12
6547,6547,0,23
6548,6548,0,20
6549,6549,0,19
6550,6550,0,20
6551,6551,0,17
6552,6552,0,12
6553,6553,0,1
6554,6554,0,17
6555,6555,0,9
6556,6556,0,9
6557,6557,0,14
6558,6558,0,14
6559,6559,0,10
6560,6560,0,-2
6561,6561,0,7
6562,6562,0,12
6563,6563,0,6
6564,6564,0,4
6565,6565,0,-1
6566,6566,0,-1
6567,6567,0,8
6568,6568,0,9
6569,6569,0,15
6570,6570,0,6
6571,6571,0,4
6572,6572,0,6
6573,6573,0,13
6574,6574,0,13
6575,6575,0,25
6576,6576,0,15
6577,6577,0,10
6578,6578,0,5
6579,6579,0,10
6580,6580,0,-1
6581,6581,0,2
6582,6582,0,12
6583,6583,0,18
6584,6584,0,6
6585,6585,0,14
6586,6586,0,1
6587,6587,0,15
6588,6588,0,4
6589,6589,0,6
6590,6590,0,21
6591,6591,0,22
6592,6592,0,21
6593,6593,0,10
6594,6594,0,21
6595,6595,0,18
6596,6596,0,8
6597,6597,0,17
6598,6598,0,17
6599,6599,0,20
6600,6600,0,14
6601,6601,0,24
6602,6602,0,20
6603,6603,0,19
6604,6604,0,17
6605,6605,0,16
6606,6606,0,12
6607,6607,0,15
6608,6608,0,14
6609,6609,0,14
6610,6610,0,22
6611,6611,0,14
6612,6612,0,13
6613,6613,0,7
6614,6614,0,9
6615,6615,0,15
6616,6616,0,13
6617,6617,0,6
6618,6618,0,18
6619,6619,0,17
6620,6620,0,19
6621,6621,0,12
6622,6622,0,26
6623,6623,0,21
6624,6624,0,12
6625,6625,0,28
6626,6626,0,19
6627,6627,0,12
6628,6628,0,24
6629,6629,0,9
6630,6630,0,8
6631,6631,0,16
6632,6632,0,13
6633,6633,0,9
6634,6634,0,3
6635,6635,0,11
6636,6636,0,21
6637,6637,0,2
6638,6638,0,3
6639,6639,0,6
6640,6640,0,8
6641,6641,0,5
6642,6642,0,-4
6643,6643,0,3
6644,6644,0,8
6645,6645,0,1
6646,6646,0,9
6647,6647,0,13
6648,6648,0,2
6649,6649,0,2
6650,6650,0,-3
6651,6651,0,2
6652,6652,0,6
6653,6653,0,12
6654,6654,0,17
6655,6655,0,14
6656,6656,0,9
6657,6657,0,8
6658,6658,0,13
6659,6659,0,22
6660,6660,0,18
6661,6661,0,4
6662,6662,0,6
6663,6663,0,17
6664,6664,0,9
6665,6665,0,13
6666,6666,0,6
6667,6667,0,10
6668,6668,0,8
6669,6669,0,18
6670,6670,0,17
6671,6671,0,11
6672,6672,0,10
6673,6673,0,13
6674,6674,0,12
6675,6675,0,6
6676,6676,0,16
6677,6677,0,9
6678,6678,0,18
6679,6679,0,12
6680,6680,0,9
6681,6681,0,20
6682,6682,0,16
6683,6683,0,12
6684,6684,0,16
6685,6685,0,17
6686,6686,0,15
6687,6687,0,18
6688,6688,0,13
6689,6689,0,4
6690,6690,0,24
6691,6691,0,20
6692,6692,0,13
6693,6693,0,18
6694,6694,0,12
6695,6695,0,12
6696,6696,0,15
6697,6697,0,33
6698,6698,0,25
6699,6699,0,16
6700,6700,0,9
6701,6701,0,3
6702,6702,0,1
6703,6703,0,6
6704,6704,0,15
6705,6705,0,17
6706,6706,0,24
6707,6707,0,23
6708,6708,0,24
6709,6709,0,16
6710,6710,0,15
6711,6711,0,8
6712,6712,0,6
6713,6713,0,10
6714,6714,0,3
6715,6715,0,18
6716,6716,0,17
6717,6717,0,4
6718,6718,0,19
6719,6719,0,15
6720,6720,0,6
6721,6721,0,13
6722,6722,0,7
6723,6723,0,14
6724,6724,0,5
6725,6725,0,4
6726,6726,0,3
6727,6727,0,5
6728,6728,0,5
6729,6729,0,10
6730,6730,0,20
6731,6731,0,9
6732,6732,0,10
6733,6733,0,7
6734,6734,0,20
6735,6735,0,21
6736,6736,0,5
6737,6737,0,1
6738,6738,0,-1
6739,6739,0,16
6740,6740,0,9
6741,6741,0,14
6742,6742,0,5
6743,6743,0,13
6744,6744,0,19
6745,6745,0,6
6746,6746,0,7
6747,6747,0,8
6748,6748,0,12
6749,6749,0,19
6750,6750,0,5
6751,6751,0,11
6752,6752,0,17
6753,6753,0,15
6754,6754,0,18
6755,6755,0,10
6756,6756,0,17
6757,6757,0,14
6758,6758,0,9
6759,6759,0,14
6760,6760,0,15
6761,6761,0,16
6762,6762,0,14
6763,6763,0,18
6764,6764,0,16
6765,6765,0,15
6766,6766,0,21
6767,6767,0,11
6768,6768,0,9
6769,6769,0,22
6770,6770,0,19
6771,6771,0,9
6772,6772,0,15
6773,6773,0,13
6774,6774,0,16
6775,6775,0,12
6776,6776,0,10
6777,6777,0,14
6778,6778,0,21
6779,6779,0,7
6780,6780,0,18
6781,6781,0,17
6782,6782,0,8
6783,6783,0,8
6784,6784,0,11
6785,6785,0,9
6786,6786,0,8
6787,6787,0,12
6788,6788,0,3
6789,6789,0,8
6790,6790,0,15
6791,6791,0,9
6792,6792,0,0
6793,6793,0,0
6794,6794,0,9
6795,6795,0,5
6796,6796,0,-4
6797,6797,0,3
6798,6798,0,6
6799,6799,0,-2
6800,6800,0,0
6801,6801,0,3
6802,6802,0,6
6803,6803,0,14
6804,6804,0,13
6805,6805,0,14
6806,6806,0,11
6807,6807,0,7
6808,6808,0,6
6809,6809,0,22
6810,6810,0,18
6811,6811,0,15
6812,6812,0,16
6813,6813,0,12
6814,6814,0,14
6815,6815,0,8
6816,6816,0,19
6817,6817,0,21
6818,6818,0,3
6819,6819,0,13
6820,6820,0,14
6821,6821,0,11
6822,6822,0,16
6823,6823,0,14
6824,6824,0,10
6825,6825,0,7
6826,6826,0,13
6827,6827,0,18
6828,6828,0,15
6829,6829,0,14
6830,6830,0,19
6831,6831,0,12
6832,6832,0,9
6833,6833,0,3
6834,6834,0,7
6835,6835,0,14
6836,6836,0,16
6837,6837,0,24
6838,6838,0,22
6839,6839,0,21
6840,6840,0,11
6841,6841,0,14
6842,6842,0,17
6843,6843,0,21
6844,6844,0,16
6845,6845,0,17
6846,6846,0,26
6847,6847,0,17
6848,6848,0,25
6849,6849,0,7
6850,6850,0,13
6851,6851,0,15
6852,6852,0,12
6853,6853,0,18
6854,6854,0,20
6855,6855,0,12
6856,6856,0,8
6857,6857,0,15
6858,6858,0,9
6859,6859,0,10
6860,6860,0,20
6861,6861,0,16
6862,6862,0,8
6863,6863,0,5
6864,6864,0,12
6865,6865,0,22
6866,6866,0,18
6867,6867,0,22
6868,6868,0,8
6869,6869,0,10
6870,6870,0,9
6871,6871,0,11
6872,6872,0,12
6873,6873,0,10
6874,6874,0,6
6875,6875,0,4
6876,6876,0,19
6877,6877,0,12
6878,6878,0,2
6879,6879,0,12
6880,6880,0,9
6881,6881,0,5
6882,6882,0,3
6883,6883,0,8
6884,6884,0,5
6885,6885,0,12
6886,6886,0,5
6887,6887,0,3
6888,6888,0,6
6889,6889,0,6
6890,6890,0,13
6891,6891,0,12
6892,6892,0,17
6893,6893,0,6
6894,6894,0,8
6895,6895,0,7
6896,6896,0,3
6897,6897,0,3
6898,6898,0,9
6899,6899,0,6
6900,6900,0,0
6901,6901,0,8
6902,6902,0,13
6903,6903,0,11
6904,6904,0,15
6905,6905,0,7
6906,6906,0,20
6907,6907,0,20
6908,6908,0,13
6909,6909,0,18
6910,6910,0,22
6911,6911,0,9
6912,6912,0,14
6913,6913,0,13
6914,6914,0,18
6915,6915,0,21
6916,6916,0,15
6917,6917,0,10
6918,6918,0,9
6919,6919,0,10
6920,6920,0,22
6921,6921,0,23
6922,6922,0,17
6923,6923,0,11
6924,6924,0,16
6925,6925,0,21
6926,6926,0,21
6927,6927,0,9
6928,6928,0,8
6929,6929,0,15
6930,6930,0,8
6931,6931,0,11
6932,6932,0,15
6933,6933,0,18
6934,6934,0,16
6935,6935,0,19
6936,6936,0,22
6937,6937,0,13
6938,6938,0,18
6939,6939,0,13
6940,6940,0,15
6941,6941,0,10
6942,6942,0,7
6943,6943,0,14
6944,6944,0,7
6945,6945,0,14
6946,6946,0,15
6947,6947,0,13
6948,6948,0,22
6949,6949,0,13
6950,6950,0,9
6951,6951,0,6
6952,6952,0,0
6953,6953,0,7
6954,6954,0,1
6955,6955,0,18
6956,6956,0,3
6957,6957,0,12
6958,6958,0,20
6959,6959,0,9
6960,6960,0,10
6961,6961,0,10
6962,6962,0,0
6963,6963,0,6
6964,6964,0,5
6965,6965,0,0
6966,6966,0,6
6967,6967,0,7
6968,6968,0,5
6969,6969,0,-1
6970,6970,0,7
6971,6971,0,1
6972,6972,0,5
6973,6973,0,4
6974,6974,0,-3
6975,6975,0,2
6976,6976,0,14
6977,6977,0,21
6978,6978,0,3
6979,6979,0,4
6980,6980,0,8
6981,6981,0,2
6982,6982,0,9
6983,6983,0,2
6984,6984,0,6
6985,6985,0,11
6986,6986,0,5
6987,6987,0,4
6988,6988,0,3
6989,6989,0,14
6990,6990,0,16
6991,6991,0,9
6992,6992,0,12
6993,6993,0,7
6994,6994,0,9
6995,6995,0,20
6996,6996,0,18
6997,6997,0,13
6998,6998,0,17
6999,6999,0,28
7000,7000,0,19
7001,7001,0,7
7002,7002,0,14
7003,7003,0,23
7004,7004,0,13
7005,7005,0,10
7006,7006,0,10
7007,7007,0,17
7008,7008,0,10
7009,7009,0,11
7010,7010,0,18
7011,7011,0,19
7012,7012,0,12
7013,7013,0,15
7014,7014,0,22
7015,7015,0,7
7016,7016,0,9
7017,7017,0,15
7018,7018,0,7
7019,7019,0,12
7020,7020,0,8
7021,7021,0,11
7022,7022,0,9
7023,7023,0,14
7024,7024,0,12
7025,7025,0,6
7026,7026,0,5
7027,7027,0,13
7028,7028,0,13
7029,7029,0,9
7030,7030,0,11
7031,7031,0,-1
7032,7032,0,18
7033,7033,0,7
7034,7034,0,14
7035,7035,0,15
7036,7036,0,11
7037,7037,0,9
7038,7038,0,27
7039,7039,0,15
7040,7040,0,14
7041,7041,0,11
7042,7042,0,6
7043,7043,0,8
7044,7044,0,13
7045,7045,0,8
7046,7046,0,5
7047,7047,0,5
7048,7048,0,10
7049,7049,0,19
7050,7050,0,17
7051,7051,0,20
7052,7052,0,12
7053,7053,0,12
7054,7054,0,15
7055,7055,0,2
7056,7056,0,9
7057,7057,0,14
7058,7058,0,11
7059,7059,0,12
7060,7060,0,5
7061,7061,0,9
7062,7062,0,9
7063,7063,0,11
7064,7064,0,13
7065,7065,0,12
7066,7066,0,6
7067,7067,0,8
7068,7068,0,16
7069,7069,0,24
7070,7070,0,28
7071,7071,0,22
7072,7072,0,9
7073,7073,0,14
7074,7074,0,15
7075,7075,0,20
7076,7076,0,25
7077,7077,0,16
7078,7078,0,17
7079,7079,0,20
7080,7080,0,15
7081,7081,0,18
7082,7082,0,14
7083,7083,0,14
7084,7084,0,10
7085,7085,0,11
7086,7086,0,9
7087,7087,0,18
7088,7088,0,12
7089,7089,0,18
7090,7090,0,9
7091,7091,0,14
7092,7092,0,15
7093,7093,0,12
7094,7094,0,20
7095,7095,0,24
7096,7096,0,19
7097,7097,0,11
7098,7098,0,18
7099,7099,0,5
7100,7100,0,16
7101,7101,0,11
7102,7102,0,18
7103,7103,0,16
7104,7104,0,17
7105,7105,0,7
7106,7106,0,16
7107,7107,0,10
7108,7108,0,10
7109,7109,0,9
7110,7110,0,6
7111,7111,0,12
7112,7112,0,10
7113,7113,0,11
7114,7114,0,7
7115,7115,0,15
7116,7116,0,14
7117,7117,0,13
7118,7118,0,13
7119,7119,0,11
7120,7120,0,11
7121,7121,0,2
7122,7122,0,17
7123,7123,0,11
7124,7124,0,12
7125,7125,0,9
7126,7126,0,9
7127,7127,0,-1
7128,7128,0,23
7129,7129,0,1
7130,7130,0,3
7131,7131,0,6
7132,7132,0,4
7133,7133,0,2
7134,7134,0,2
7135,7135,0,21
7136,7136,0,11
7137,7137,0,24
7138,7138,0,6
7139,7139,0,7
7140,7140,0,5
7141,7141,0,8
7142,7142,0,7
7143,7143,0,4
7144,7144,0,8
7145,7145,0,2
7146,7146,0,9
7147,7147,0,10
7148,7148,0,11
7149,7149,0,3
7150,7150,0,18
7151,7151,0,16
7152,7152,0,29
7153,7153,0,26
7154,7154,0,23
7155,7155,0,11
7156,7156,0,16
7157,7157,0,20
7158,7158,0,15
7159,7159,0,14
7160,7160,0,14
7161,7161,0,23
7162,7162,0,15
7163,7163,0,14
7164,7164,0,4
7165,7165,0,13
7166,7166,0,19
7167,7167,0,14
7168,7168,0,18
7169,7169,0,28
7170,7170,0,16
7171,7171,0,16
7172,7172,0,10
7173,7173,0,20
7174,7174,0,12
7175,7175,0,21
7176,7176,0,19
7177,7177,0,18
7178,7178,0,14
7179,7179,0,16
7180,7180,0,15
7181,7181,0,12
7182,7182,0,10
7183,7183,0,8
7184,7184,0,5
7185,7185,0,9
7186,7186,0,9
7187,7187,0,8
7188,7188,0,11
7189,7189,0,19
7190,7190,0,8
7191,7191,0,3
7192,7192,0,4
7193,7193,0,11
7194,7194,0,1
7195,7195,0,2
7196,7196,0,17
7197,7197,0,15
7198,7198,0,3
7199,7199,0,5
7200,7200,0,2
7201,7201,0,6
7202,7202,0,5
7203,7203,0,4
7204,7204,0,12
7205,7205,0,10
7206,7206,0,13
7207,7207,0,10
7208,7208,0,7
7209,7209,0,6
7210,7210,0,3
7211,7211,0,16
7212,7212,0,11
7213,7213,0,16
7214,7214,0,14
7215,7215,0,15
7216,7216,0,4
7217,7217,0,13
7218,7218,0,8
7219,7219,0,5
7220,7220,0,9
7221,7221,0,8
7222,7222,0,13
7223,7223,0,15
7224,7224,0,20
7225,7225,0,13
7226,7226,0,7
7227,7227,0,10
7228,7228,0,8
7229,7229,0,8
7230,7230,0,19
7231,7231,0,14
7232,7232,0,20
7233,7233,0,17
7234,7234,0,6
7235,7235,0,12
7236,7236,0,16
7237,7237,0,13
7238,7238,0,18
7239,7239,0,26
7240,7240,0,11
7241,7241,0,16
7242,7242,0,15
7243,7243,0,10
7244,7244,0,12
7245,7245,0,15
7246,7246,0,8
7247,7247,0,22
7248,7248,0,20
7249,7249,0,18
7250,7250,0,16
7251,7251,0,22
7252,7252,0,20
7253,7253,0,20
7254,7254,0,23
7255,7255,0,22
7256,7256,0,18
7257,7257,0,16
7258,7258,0,16
7259,7259,0,22
7260,7260,0,9
7261,7261,0,13
7262,7262,0,8
7263,7263,0,13
7264,7264,0,19
7265,7265,0,30
7266,7266,0,11
7267,7267,0,11
7268,7268,0,1
7269,7269,0,9
7270,7270,0,14
7271,7271,0,9
7272,7272,0,5
7273,7273,0,20
7274,7274,0,8
7275,7275,0,7
7276,7276,0,8
7277,7277,0,11
7278,7278,0,4
7279,7279,0,12
7280,7280,0,14
7281,7281,0,10
7282,7282,0,3
7283,7283,0,11
7284,7284,0,0
7285,7285,0,20
7286,7286,0,13
7287,7287,0,9
7288,7288,0,11
7289,7289,0,17
7290,7290,0,1
7291,7291,0,3
7292,7292,0,14
7293,7293,0,18
7294,7294,0,11
7295,7295,0,15
7296,7296,0,4
7297,7297,0,9
7298,7298,0,19
7299,7299,0,17
7300,7300,0,7
7301,7301,0,16
7302,7302,0,27
7303,7303,0,15
7304,7304,0,10
7305,7305,0,9
7306,7306,0,4
7307,7307,0,8
7308,7308,0,10
7309,7309,0,7
7310,7310,0,9
7311,7311,0,13
7312,7312,0,12
7313,7313,0,14
7314,7314,0,14
7315,7315,0,13
7316,7316,0,19
7317,7317,0,28
7318,7318,0,25
7319,7319,0,13
7320,7320,0,9
7321,7321,0,9
7322,7322,0,22
7323,7323,0,15
7324,7324,0,12
7325,7325,0,12
7326,7326,0,13
7327,7327,0,10
7328,7328,0,18
7329,7329,0,9
7330,7330,0,16
7331,7331,0,5
7332,7332,0,7
7333,7333,0,17
7334,7334,0,17
7335,7335,0,19
7336,7336,0,18
7337,7337,0,12
7338,7338,0,21
7339,7339,0,19
7340,7340,0,17
7341,7341,0,16
7342,7342,0,16
7343,7343,0,19
7344,7344,0,11
7345,7345,0,9
7346,7346,0,14
7347,7347,0,9
7348,7348,0,14
7349,7349,0,17
7350,7350,0,14
7351,7351,0,26
7352,7352,0,12
7353,7353,0,11
7354,7354,0,9
7355,7355,0,16
7356,7356,0,9
7357,7357,0,21
7358,7358,0,23
7359,7359,0,11
7360,7360,0,5
7361,7361,0,11
7362,7362,0,4
7363,7363,0,4
7364,7364,0,10
7365,7365,0,12
7366,7366,0,8
7367,7367,0,21
7368,7368,0,16
7369,7369,0,10
7370,7370,0,15
7371,7371,0,15
7372,7372,0,8
7373,7373,0,10
7374,7374,0,19
7375,7375,0,21
7376,7376,0,4
7377,7377,0,4
7378,7378,0,10
7379,7379,0,6
7380,7380,0,3
7381,7381,0,3
7382,7382,0,15
7383,7383,0,22
7384,7384,0,12
7385,7385,0,24
7386,7386,0,18
7387,7387,0,12
7388,7388,0,15
7389,7389,0,14
7390,7390,0,18
7391,7391,0,13
7392,7392,0,20
7393,7393,0,14
7394,7394,0,8
7395,7395,0,14
7396,7396,0,9
7397,7397,0,14
7398,7398,0,14
7399,7399,0,17
7400,7400,0,17
7401,7401,0,15
7402,7402,0,15
7403,7403,0,18
7404,7404,0,17
7405,7405,0,13
7406,7406,0,7
7407,7407,0,22
7408,7408,0,13
7409,7409,0,10
7410,7410,0,12
7411,7411,0,17
7412,7412,0,4
7413,7413,0,20
7414,7414,0,8
7415,7415,0,17
7416,7416,0,18
7417,7417,0,13
7418,7418,0,13
7419,7419,0,11
7420,7420,0,6
7421,7421,0,18
7422,7422,0,2
7423,7423,0,8
7424,7424,0,9
7425,7425,0,10
7426,7426,0,16
7427,7427,0,8
7428,7428,0,26
7429,7429,0,16
7430,7430,0,17
7431,7431,0,23
7432,7432,0,18
7433,7433,0,16
7434,7434,0,2
7435,7435,0,11
7436,7436,0,9
7437,7437,0,2
7438,7438,0,4
7439,7439,0,16
7440,7440,0,8
7441,7441,0,6
7442,7442,0,5
7443,7443,0,10
7444,7444,0,14
7445,7445,0,12
7446,7446,0,-1
7447,7447,0,20
7448,7448,0,12
7449,7449,0,9
7450,7450,0,10
7451,7451,0,11
7452,7452,0,3
7453,7453,0,10
7454,7454,0,9
7455,7455,0,1
7456,7456,0,0
7457,7457,0,18
7458,7458,0,19
7459,7459,0,10
7460,7460,0,13
7461,7461,0,5
7462,7462,0,15
7463,7463,0,-3
7464,7464,0,10
7465,7465,0,10
7466,7466,0,8
7467,7467,0,9
7468,7468,0,15
7469,7469,0,18
7470,7470,0,12
7471,7471,0,9
7472,7472,0,10
7473,7473,0,17
7474,7474,0,18
7475,7475,0,12
7476,7476,0,19
7477,7477,0,10
7478,7478,0,12
7479,7479,0,16
7480,7480,0,13
7481,7481,0,17
7482,7482,0,16
7483,7483,0,23
7484,7484,0,23
7485,7485,0,17
7486,7486,0,19
7487,7487,0,25
7488,7488,0,29
7489,7489,0,23
7490,7490,0,15
7491,7491,0,12
7492,7492,0,17
7493,7493,0,18
7494,7494,0,11
7495,7495,0,8
7496,7496,0,9
7497,7497,0,10
7498,7498,0,13
7499,7499,0,16
7500,7500,0,11
7501,7501,0,15
7502,7502,0,12
7503,7503,0,24
7504,7504,0,22
7505,7505,0,20
7506,7506,0,16
7507,7507,0,19
7508,7508,0,15
7509,7509,0,4
7510,7510,0,9
7511,7511,0,2
7512,7512,0,13
7513,7513,0,6
7514,7514,0,-2
7515,7515,0,4
7516,7516,0,8
7517,7517,0,12
7518,7518,0,2
7519,7519,0,20
7520,7520,0,4
7521,7521,0,18
7522,7522,0,25
7523,7523,0,10
7524,7524,0,5
7525,7525,0,7
7526,7526,0,7
7527,7527,0,17
7528,7528,0,21
7529,7529,0,6
7530,7530,0,3
7531,7531,0,-1
7532,7532,0,5
7533,7533,0,6
7534,7534,0,10
7535,7535,0,12
7536,7536,0,10
7537,7537,0,12
7538,7538,0,14
7539,7539,0,11
7540,7540,0,19
7541,7541,0,15
7542,7542,0,9
7543,7543,0,9
7544,7544,0,20
7545,7545,0,14
7546,7546,0,12
7547,7547,0,6
7548,7548,0,10
7549,7549,0,12
7550,7550,0,13
7551,7551,0,22
7552,7552,0,24
7553,7553,0,27
7554,7554,0,19
7555,7555,0,18
7556,7556,0,11
7557,7557,0,9
7558,7558,0,17
7559,7559,0,15
7560,7560,0,13
7561,7561,0,12
7562,7562,0,7
7563,7563,0,10
7564,7564,0,18
7565,7565,0,20
7566,7566,0,22
7567,7567,0,21
7568,7568,0,22
7569,7569,0,18
7570,7570,0,22
7571,7571,0,10
7572,7572,0,14
7573,7573,0,13
7574,7574,0,9
7575,7575,0,10
7576,7576,0,9
7577,7577,0,16
7578,7578,0,13
7579,7579,0,14
7580,7580,0,17
7581,7581,0,17
7582,7582,0,27
7583,7583,0,19
7584,7584,0,13
7585,7585,0,12
7586,7586,0,10
7587,7587,0,8
7588,7588,0,9
7589,7589,0,11
7590,7590,0,4
7591,7591,0,10
7592,7592,0,16
7593,7593,0,10
7594,7594,0,-9
7595,7595,0,15
7596,7596,0,9
7597,7597,0,10
7598,7598,0,20
7599,7599,0,14
7600,7600,0,7
7601,7601,0,5
7602,7602,0,9
7603,7603,0,8
7604,7604,0,10
7605,7605,0,2
7606,7606,0,2
7607,7607,0,5
7608,7608,0,-2
7609,7609,0,11
7610,7610,0,1
7611,7611,0,-4
7612,7612,0,8
7613,7613,0,11
7614,7614,0,10
7615,7615,0,3
7616,7616,0,-3
7617,7617,0,2
7618,7618,0,9
7619,7619,0,12
7620,7620,0,7
7621,7621,0,6
7622,7622,0,2
7623,7623,0,12
7624,7624,0,15
7625,7625,0,11
7626,7626,0,17
7627,7627,0,11
7628,7628,0,9
7629,7629,0,12
7630,7630,0,13
7631,7631,0,23
7632,7632,0,10
7633,7633,0,18
7634,7634,0,14
7635,7635,0,12
7636,7636,0,10
7637,7637,0,18
7638,7638,0,19
7639,7639,0,12
7640,7640,0,8
7641,7641,0,13
7642,7642,0,7
7643,7643,0,14
7644,7644,0,12
7645,7645,0,15
7646,7646,0,11
7647,7647,0,21
7648,7648,0,23
7649,7649,0,18
7650,7650,0,18
7651,7651,0,7
7652,7652,0,13
7653,7653,0,16
7654,7654,0,25
7655,7655,0,14
7656,7656,0,16
7657,7657,0,10
7658,7658,0,5
7659,7659,0,14
7660,7660,0,7
7661,7661,0,13
7662,7662,0,18
7663,7663,0,13
7664,7664,0,14
7665,7665,0,9
7666,7666,0,14
7667,7667,0,8
7668,7668,0,7
7669,7669,0,11
7670,7670,0,10
7671,7671,0,3
7672,7672,0,-2
7673,7673,0,20
7674,7674,0,10
7675,7675,0,10
7676,7676,0,10
7677,7677,0,6
7678,7678,0,4
7679,7679,0,-1
7680,7680,0,-3
7681,7681,0,5
7682,7682,0,10
7683,7683,0,-2
7684,7684,0,13
7685,7685,0,8
7686,7686,0,-4
7687,7687,0,3
7688,7688,0,7
7689,7689,0,-5
7690,7690,0,1
7691,7691,0,1
7692,7692,0,11
7693,7693,0,10
7694,7694,0,14
7695,7695,0,11
7696,7696,0,2
7697,7697,0,6
7698,7698,0,11
7699,7699,0,4
7700,7700,0,4
7701,7701,0,16
7702,7702,0,9
7703,7703,0,3
7704,7704,0,4
7705,7705,0,14
7706,7706,0,7
7707,7707,0,10
7708,7708,0,14
7709,7709,0,10
7710,7710,0,0
7711,7711,0,6
7712,7712,0,12
7713,7713,0,16
7714,7714,0,16
7715,7715,0,13
7716,7716,0,9
7717,7717,0,16
7718,7718,0,15
7719,7719,0,15
7720,7720,0,11
7721,7721,0,17
7722,7722,0,16
7723,7723,0,16
7724,7724,0,19
7725,7725,0,23
7726,7726,0,23
7727,7727,0,20
7728,7728,0,15
7729,7729,0,16
7730,7730,0,15
7731,7731,0,10
7732,7732,0,19
7733,7733,0,13
7734,7734,0,14
7735,7735,0,9
7736,7736,0,7
7737,7737,0,3
7738,7738,0,22
7739,7739,0,19
7740,7740,0,14
7741,7741,0,11
7742,7742,0,21
7743,7743,0,23
7744,7744,0,20
7745,7745,0,11
7746,7746,0,10
7747,7747,0,14
7748,7748,0,14
7749,7749,0,4
7750,7750,0,-1
7751,7751,0,12
7752,7752,0,12
7753,7753,0,9
7754,7754,0,2
7755,7755,0,4
7756,7756,0,11
7757,7757,0,1
7758,7758,0,0
7759,7759,0,3
7760,7760,0,5
7761,7761,0,15
7762,7762,0,20
7763,7763,0,27
7764,7764,0,11
7765,7765,0,12
7766,7766,0,1
7767,7767,0,6
7768,7768,0,1
7769,7769,0,-4
7770,7770,0,6
7771,7771,0,1
7772,7772,0,8
7773,7773,0,10
7774,7774,0,17
7775,7775,0,5
7776,7776,0,12
7777,7777,0,4
7778,7778,0,4
7779,7779,0,12
7780,7780,0,7
7781,7781,0,15
7782,7782,0,11
7783,7783,0,6
7784,7784,0,23
7785,7785,0,19
7786,7786,0,15
7787,7787,0,8
7788,7788,0,18
7789,7789,0,18
7790,7790,0,21
7791,7791,0,25
7792,7792,0,21
7793,7793,0,24
7794,7794,0,20
7795,7795,0,13
7796,7796,0,13
7797,7797,0,20
7798,7798,0,18
7799,7799,0,24
7800,7800,0,21
7801,7801,0,19
7802,7802,0,7
7803,7803,0,14
7804,7804,0,18
7805,7805,0,15
7806,7806,0,17
7807,7807,0,22
7808,7808,0,9
7809,7809,0,13
7810,7810,0,13
7811,7811,0,13
7812,7812,0,16
7813,7813,0,13
7814,7814,0,17
7815,7815,0,15
7816,7816,0,20
7817,7817,0,18
7818,7818,0,19
7819,7819,0,14
7820,7820,0,13
7821,7821,0,20
7822,7822,0,17
7823,7823,0,19
7824,7824,0,16
7825,7825,0,12
7826,7826,0,11
7827,7827,0,16
7828,7828,0,19
7829,7829,0,10
7830,7830,0,6
7831,7831,0,-1
7832,7832,0,15
7833,7833,0,12
7834,7834,0,7
7835,7835,0,6
7836,7836,0,9
7837,7837,0,25
7838,7838,0,18
7839,7839,0,12
7840,7840,0,8
7841,7841,0,5
7842,7842,0,14
7843,7843,0,16
7844,7844,0,17
7845,7845,0,15
7846,7846,0,16
7847,7847,0,18
7848,7848,0,6
7849,7849,0,3
7850,7850,0,6
7851,7851,0,11
7852,7852,0,15
7853,7853,0,6
7854,7854,0,6
7855,7855,0,10
7856,7856,0,15
7857,7857,0,8
7858,7858,0,5
7859,7859,0,5
7860,7860,0,16
7861,7861,0,8
7862,7862,0,9
7863,7863,0,7
7864,7864,0,12
7865,7865,0,15
7866,7866,0,15
7867,7867,0,25
7868,7868,0,17
7869,7869,0,11
7870,7870,0,19
7871,7871,0,18
7872,7872,0,11
7873,7873,0,10
7874,7874,0,18
7875,7875,0,15
7876,7876,0,21
7877,7877,0,19
7878,7878,0,25
7879,7879,0,25
7880,7880,0,13
7881,7881,0,18
7882,7882,0,20
7883,7883,0,19
7884,7884,0,17
7885,7885,0,9
7886,7886,0,6
7887,7887,0,14
7888,7888,0,13
7889,7889,0,17
7890,7890,0,11
7891,7891,0,6
7892,7892,0,5
7893,7893,0,21
7894,7894,0,5
7895,7895,0,11
7896,7896,0,9
7897,7897,0,14
7898,7898,0,20
7899,7899,0,13
7900,7900,0,15
7901,7901,0,17
7902,7902,0,9
7903,7903,0,24
7904,7904,0,15
7905,7905,0,8
7906,7906,0,17
7907,7907,0,16
7908,7908,0,8
7909,7909,0,15
7910,7910,0,25
7911,7911,0,15
7912,7912,0,16
7913,7913,0,3
7914,7914,0,11
7915,7915,0,5
7916,7916,0,16
7917,7917,0,14
7918,7918,0,9
7919,7919,0,8
7920,7920,0,3
7921,7921,0,3
7922,7922,0,12
7923,7923,0,7
7924,7924,0,7
7925,7925,0,4
7926,7926,0,1
7927,7927,0,-2
7928,7928,0,6
7929,7929,0,-3
7930,7930,0,11
7931,7931,0,15
7932,7932,0,2
7933,7933,0,8
7934,7934,0,18
7935,7935,0,10
7936,7936,0,7
7937,7937,0,15
7938,7938,0,15
7939,7939,0,17
7940,7940,0,4
7941,7941,0,12
7942,7942,0,-2
7943,7943,0,15
7944,7944,0,15
7945,7945,0,14
7946,7946,0,16
7947,7947,0,12
7948,7948,0,21
7949,7949,0,10
7950,7950,0,14
7951,7951,0,19
7952,7952,0,9
7953,7953,0,10
7954,7954,0,26
7955,7955,0,10
7956,7956,0,16
7957,7957,0,19
7958,7958,0,16
7959,7959,0,14
7960,7960,0,15
7961,7961,0,7
7962,7962,0,27
7963,7963,0,19
7964,7964,0,17
7965,7965,0,9
7966,7966,0,20
7967,7967,0,14
7968,7968,0,15
7969,7969,0,8
7970,7970,0,10
7971,7971,0,14
7972,7972,0,12
7973,7973,0,15
7974,7974,0,20
7975,7975,0,20
7976,7976,0,5
7977,7977,0,12
7978,7978,0,8
7979,7979,0,8
7980,7980,0,21
7981,7981,0,25
7982,7982,0,15
7983,7983,0,8
7984,7984,0,9
7985,7985,0,16
7986,7986,0,7
7987,7987,0,4
7988,7988,0,5
7989,7989,0,24
7990,7990,0,13
7991,7991,0,12
7992,7992,0,16
7993,7993,0,20
7994,7994,0,9
7995,7995,0,10
7996,7996,0,0
7997,7997,0,9
7998,7998,0,3
7999,7999,0,6
8000,8000,0,11
8001,8001,0,5
8002,8002,0,-1
8003,8003,0,0
8004,8004,0,0
8005,8005,0,3
8006,8006,0,-1
8007,8007,0,4
8008,8008,0,6
8009,8009,0,9
8010,8010,0,3
8011,8011,0,12
8012,8012,0,3
8013,8013,0,11
8014,8014,0,11
8015,8015,0,2
8016,8016,0,11
8017,8017,0,9
8018,8018,0,6
8019,8019,0,7
8020,8020,0,13
8021,8021,0,6
8022,8022,0,16
8023,8023,0,18
8024,8024,0,14
8025,8025,0,7
8026,8026,0,10
8027,8027,0,10
8028,8028,0,10
8029,8029,0,6
8030,8030,0,12
8031,8031,0,12
8032,8032,0,11
8033,8033,0,6
8034,8034,0,16
8035,8035,0,14
8036,8036,0,17
8037,8037,0,19
8038,8038,0,18
8039,8039,0,15
8040,8040,0,19
8041,8041,0,13
8042,8042,0,15
8043,8043,0,20
8044,8044,0,15
8045,8045,0,6
8046,8046,0,10
8047,8047,0,12
8048,8048,0,15
8049,8049,0,15
8050,8050,0,14
8051,8051,0,20
8052,8052,0,8
8053,8053,0,15
8054,8054,0,8
8055,8055,0,13
8056,8056,0,8
8057,8057,0,11
8058,8058,0,9
8059,8059,0,6
8060,8060,0,14
8061,8061,0,5
8062,8062,0,9
8063,8063,0,20
8064,8064,0,12
8065,8065,0,20
8066,8066,0,23
8067,8067,0,11
8068,8068,0,21
8069,8069,0,15
8070,8070,0,10
8071,8071,0,6
8072,8072,0,9
8073,8073,0,6
8074,8074,0,5
8075,8075,0,3
8076,8076,0,5
8077,8077,0,7
8078,8078,0,4
8079,8079,0,9
8080,8080,0,4
8081,8081,0,3
8082,8082,0,14
8083,8083,0,16
8084,8084,0,18
8085,8085,0,11
8086,8086,0,6
8087,8087,0,9
8088,8088,0,11
8089,8089,0,5
8090,8090,0,3
8091,8091,0,-6
8092,8092,0,5
8093,8093,0,10
8094,8094,0,5
8095,8095,0,14
8096,8096,0,8
8097,8097,0,14
8098,8098,0,0
8099,8099,0,7
8100,8100,0,11
8101,8101,0,14
8102,8102,0,6
8103,8103,0,8
8104,8104,0,15
8105,8105,0,18
8106,8106,0,20
8107,8107,0,16
8108,8108,0,14
8109,8109,0,12
8110,8110,0,7
8111,8111,0,9
8112,8112,0,15
8113,8113,0,14
8114,8114,0,24
8115,8115,0,16
8116,8116,0,12
8117,8117,0,26
8118,8118,0,26
8119,8119,0,23
8120,8120,0,16
8121,8121,0,16
8122,8122,0,14
8123,8123,0,15
8124,8124,0,17
8125,8125,0,19
8126,8126,0,22
8127,8127,0,20
8128,8128,0,11
8129,8129,0,15
8130,8130,0,29
8131,8131,0,19
8132,8132,0,19
8133,8133,0,20
8134,8134,0,8
8135,8135,0,17
8136,8136,0,11
8137,8137,0,10
8138,8138,0,10
8139,8139,0,8
8140,8140,0,16
8141,8141,0,15
8142,8142,0,16
8143,8143,0,22
8144,8144,0,14
8145,8145,0,11
8146,8146,0,12
8147,8147,0,12
8148,8148,0,9
8149,8149,0,-1
8150,8150,0,11
8151,8151,0,8
8152,8152,0,8
8153,8153,0,17
8154,8154,0,16
8155,8155,0,13
8156,8156,0,9
8157,8157,0,12
8158,8158,0,14
8159,8159,0,5
8160,8160,0,6
8161,8161,0,2
8162,8162,0,3
8163,8163,0,9
8164,8164,0,20
8165,8165,0,16
8166,8166,0,8
8167,8167,0,15
8168,8168,0,19
8169,8169,0,12
8170,8170,0,21
8171,8171,0,13
8172,8172,0,13
8173,8173,0,3
8174,8174,0,15
8175,8175,0,6
8176,8176,0,12
8177,8177,0,6
8178,8178,0,16
8179,8179,0,11
8180,8180,0,17
8181,8181,0,14
8182,8182,0,17
8183,8183,0,16
8184,8184,0,16
8185,8185,0,22
8186,8186,0,7
8187,8187,0,5
8188,8188,0,6
8189,8189,0,5
8190,8190,0,17
8191,8191,0,16
