Sample in Buffer,Sample in Window,TRIGGER,ads422x_db[11:0]
Radix - UNSIGNED,UNSIGNED,UNSIGNED,SIGNED
0,0,0,9
1,1,0,17
2,2,0,19
3,3,0,22
4,4,0,15
5,5,0,17
6,6,0,18
7,7,0,22
8,8,0,3
9,9,0,13
10,10,0,13
11,11,0,15
12,12,0,18
13,13,0,31
14,14,0,22
15,15,0,14
16,16,0,12
17,17,0,16
18,18,0,20
19,19,0,27
20,20,0,15
21,21,0,21
22,22,0,23
23,23,0,19
24,24,0,24
25,25,0,19
26,26,0,5
27,27,0,10
28,28,0,6
29,29,0,17
30,30,0,11
31,31,0,16
32,32,0,11
33,33,0,20
34,34,0,11
35,35,0,16
36,36,0,8
37,37,0,7
38,38,0,13
39,39,0,14
40,40,0,8
41,41,0,12
42,42,0,14
43,43,0,8
44,44,0,11
45,45,0,18
46,46,0,12
47,47,0,5
48,48,0,13
49,49,0,1
50,50,0,9
51,51,0,1
52,52,0,-4
53,53,0,3
54,54,0,18
55,55,0,5
56,56,0,8
57,57,0,-1
58,58,0,12
59,59,0,11
60,60,0,4
61,61,0,17
62,62,0,15
63,63,0,23
64,64,0,7
65,65,0,9
66,66,0,7
67,67,0,12
68,68,0,17
69,69,0,3
70,70,0,3
71,71,0,6
72,72,0,3
73,73,0,10
74,74,0,9
75,75,0,1
76,76,0,5
77,77,0,3
78,78,0,16
79,79,0,7
80,80,0,10
81,81,0,11
82,82,0,2
83,83,0,-4
84,84,0,2
85,85,0,11
86,86,0,2
87,87,0,2
88,88,0,-6
89,89,0,-4
90,90,0,4
91,91,0,8
92,92,0,3
93,93,0,6
94,94,0,-5
95,95,0,1
96,96,0,5
97,97,0,0
98,98,0,4
99,99,0,4
100,100,0,3
101,101,0,-3
102,102,0,4
103,103,0,8
104,104,0,8
105,105,0,1
106,106,0,-1
107,107,0,5
108,108,0,9
109,109,0,2
110,110,0,3
111,111,0,7
112,112,0,9
113,113,0,12
114,114,0,15
115,115,0,1
116,116,0,2
117,117,0,6
118,118,0,9
119,119,0,8
120,120,0,16
121,121,0,11
122,122,0,13
123,123,0,26
124,124,0,20
125,125,0,15
126,126,0,15
127,127,0,3
128,128,0,11
129,129,0,0
130,130,0,18
131,131,0,15
132,132,0,8
133,133,0,15
134,134,0,15
135,135,0,11
136,136,0,18
137,137,0,8
138,138,0,16
139,139,0,11
140,140,0,21
141,141,0,16
142,142,0,7
143,143,0,16
144,144,0,14
145,145,0,16
146,146,0,22
147,147,0,24
148,148,0,18
149,149,0,14
150,150,0,12
151,151,0,13
152,152,0,11
153,153,0,24
154,154,0,17
155,155,0,26
156,156,0,18
157,157,0,17
158,158,0,19
159,159,0,21
160,160,0,6
161,161,0,25
162,162,0,30
163,163,0,26
164,164,0,22
165,165,0,24
166,166,0,31
167,167,0,30
168,168,0,30
169,169,0,17
170,170,0,15
171,171,0,11
172,172,0,20
173,173,0,10
174,174,0,16
175,175,0,7
176,176,0,28
177,177,0,21
178,178,0,25
179,179,0,22
180,180,0,23
181,181,0,25
182,182,0,26
183,183,0,13
184,184,0,19
185,185,0,11
186,186,0,12
187,187,0,11
188,188,0,15
189,189,0,5
190,190,0,21
191,191,0,31
192,192,0,32
193,193,0,16
194,194,0,19
195,195,0,29
196,196,0,21
197,197,0,21
198,198,0,17
199,199,0,13
200,200,0,20
201,201,0,18
202,202,0,8
203,203,0,13
204,204,0,20
205,205,0,22
206,206,0,13
207,207,0,5
208,208,0,1
209,209,0,15
210,210,0,23
211,211,0,15
212,212,0,15
213,213,0,13
214,214,0,10
215,215,0,4
216,216,0,6
217,217,0,11
218,218,0,8
219,219,0,-5
220,220,0,2
221,221,0,13
222,222,0,5
223,223,0,6
224,224,0,4
225,225,0,-3
226,226,0,14
227,227,0,24
228,228,0,6
229,229,0,3
230,230,0,-4
231,231,0,4
232,232,0,6
233,233,0,3
234,234,0,0
235,235,0,5
236,236,0,5
237,237,0,2
238,238,0,2
239,239,0,0
240,240,0,-1
241,241,0,12
242,242,0,6
243,243,0,2
244,244,0,7
245,245,0,4
246,246,0,-3
247,247,0,7
248,248,0,-7
249,249,0,-1
250,250,0,5
251,251,0,13
252,252,0,8
253,253,0,15
254,254,0,6
255,255,0,7
256,256,0,8
257,257,0,1
258,258,0,15
259,259,0,4
260,260,0,-5
261,261,0,5
262,262,0,2
263,263,0,-5
264,264,0,4
265,265,0,11
266,266,0,5
267,267,0,14
268,268,0,10
269,269,0,8
270,270,0,12
271,271,0,5
272,272,0,6
273,273,0,12
274,274,0,0
275,275,0,14
276,276,0,17
277,277,0,17
278,278,0,12
279,279,0,9
280,280,0,12
281,281,0,4
282,282,0,12
283,283,0,10
284,284,0,8
285,285,0,3
286,286,0,9
287,287,0,30
288,288,0,22
289,289,0,18
290,290,0,6
291,291,0,22
292,292,0,19
293,293,0,6
294,294,0,8
295,295,0,18
296,296,0,8
297,297,0,25
298,298,0,20
299,299,0,3
300,300,0,18
301,301,0,19
302,302,0,9
303,303,0,10
304,304,0,5
305,305,0,22
306,306,0,10
307,307,0,25
308,308,0,13
309,309,0,16
310,310,0,14
311,311,0,12
312,312,0,9
313,313,0,15
314,314,0,13
315,315,0,17
316,316,0,25
317,317,0,37
318,318,0,16
319,319,0,17
320,320,0,17
321,321,0,5
322,322,0,28
323,323,0,14
324,324,0,13
325,325,0,19
326,326,0,19
327,327,0,19
328,328,0,23
329,329,0,33
330,330,0,23
331,331,0,24
332,332,0,12
333,333,0,30
334,334,0,8
335,335,0,19
336,336,0,28
337,337,0,12
338,338,0,17
339,339,0,23
340,340,0,13
341,341,0,6
342,342,0,10
343,343,0,14
344,344,0,7
345,345,0,13
346,346,0,23
347,347,0,16
348,348,0,17
349,349,0,9
350,350,0,11
351,351,0,6
352,352,0,13
353,353,0,13
354,354,0,15
355,355,0,18
356,356,0,10
357,357,0,20
358,358,0,16
359,359,0,11
360,360,0,9
361,361,0,10
362,362,0,11
363,363,0,9
364,364,0,11
365,365,0,3
366,366,0,14
367,367,0,24
368,368,0,19
369,369,0,15
370,370,0,4
371,371,0,-3
372,372,0,4
373,373,0,5
374,374,0,9
375,375,0,15
376,376,0,9
377,377,0,-5
378,378,0,13
379,379,0,18
380,380,0,15
381,381,0,1
382,382,0,9
383,383,0,8
384,384,0,3
385,385,0,6
386,386,0,18
387,387,0,16
388,388,0,7
389,389,0,1
390,390,0,-1
391,391,0,-3
392,392,0,0
393,393,0,15
394,394,0,2
395,395,0,9
396,396,0,7
397,397,0,8
398,398,0,13
399,399,0,5
400,400,0,2
401,401,0,6
402,402,0,6
403,403,0,3
404,404,0,0
405,405,0,0
406,406,0,-3
407,407,0,-1
408,408,0,-4
409,409,0,2
410,410,0,3
411,411,0,6
412,412,0,12
413,413,0,9
414,414,0,-5
415,415,0,-6
416,416,0,1
417,417,0,4
418,418,0,8
419,419,0,10
420,420,0,-4
421,421,0,7
422,422,0,-4
423,423,0,4
424,424,0,10
425,425,0,7
426,426,0,6
427,427,0,9
428,428,0,6
429,429,0,1
430,430,0,7
431,431,0,7
432,432,0,13
433,433,0,6
434,434,0,12
435,435,0,6
436,436,0,4
437,437,0,14
438,438,0,7
439,439,0,4
440,440,0,-3
441,441,0,11
442,442,0,9
443,443,0,3
444,444,0,3
445,445,0,9
446,446,0,20
447,447,0,20
448,448,0,0
449,449,0,8
450,450,0,10
451,451,0,15
452,452,0,13
453,453,0,7
454,454,0,19
455,455,0,21
456,456,0,14
457,457,0,19
458,458,0,8
459,459,0,9
460,460,0,18
461,461,0,30
462,462,0,25
463,463,0,7
464,464,0,9
465,465,0,16
466,466,0,11
467,467,0,9
468,468,0,11
469,469,0,2
470,470,0,17
471,471,0,14
472,472,0,5
473,473,0,1
474,474,0,0
475,475,0,17
476,476,0,17
477,477,0,16
478,478,0,21
479,479,0,31
480,480,0,19
481,481,0,12
482,482,0,9
483,483,0,12
484,484,0,21
485,485,0,30
486,486,0,16
487,487,0,19
488,488,0,38
489,489,0,25
490,490,0,17
491,491,0,30
492,492,0,34
493,493,0,21
494,494,0,20
495,495,0,13
496,496,0,27
497,497,0,19
498,498,0,30
499,499,0,29
500,500,0,6
501,501,0,17
502,502,0,25
503,503,0,13
504,504,0,10
505,505,0,16
506,506,0,20
507,507,0,29
508,508,0,29
509,509,0,26
510,510,0,28
511,511,0,9
512,512,0,30
513,513,0,22
514,514,0,13
515,515,0,8
516,516,0,13
517,517,0,11
518,518,0,22
519,519,0,15
520,520,0,11
521,521,0,5
522,522,0,13
523,523,0,5
524,524,0,8
525,525,0,8
526,526,0,14
527,527,0,16
528,528,0,18
529,529,0,18
530,530,0,5
531,531,0,15
532,532,0,2
533,533,0,18
534,534,0,10
535,535,0,20
536,536,0,9
537,537,0,-1
538,538,0,10
539,539,0,7
540,540,0,5
541,541,0,-2
542,542,0,6
543,543,0,9
544,544,0,2
545,545,0,9
546,546,0,3
547,547,0,4
548,548,0,10
549,549,0,9
550,550,0,18
551,551,0,18
552,552,0,18
553,553,0,12
554,554,0,7
555,555,0,14
556,556,0,8
557,557,0,1
558,558,0,-2
559,559,0,-3
560,560,0,1
561,561,0,-1
562,562,0,6
563,563,0,7
564,564,0,14
565,565,0,4
566,566,0,6
567,567,0,6
568,568,0,3
569,569,0,15
570,570,0,12
571,571,0,7
572,572,0,9
573,573,0,1
574,574,0,5
575,575,0,7
576,576,0,-6
577,577,0,6
578,578,0,-1
579,579,0,8
580,580,0,-4
581,581,0,-3
582,582,0,2
583,583,0,0
584,584,0,16
585,585,0,1
586,586,0,5
587,587,0,6
588,588,0,17
589,589,0,7
590,590,0,1
591,591,0,11
592,592,0,4
593,593,0,13
594,594,0,4
595,595,0,17
596,596,0,21
597,597,0,5
598,598,0,3
599,599,0,4
600,600,0,17
601,601,0,12
602,602,0,13
603,603,0,3
604,604,0,18
605,605,0,-1
606,606,0,12
607,607,0,4
608,608,0,4
609,609,0,12
610,610,0,12
611,611,0,10
612,612,0,10
613,613,0,4
614,614,0,3
615,615,0,26
616,616,0,13
617,617,0,17
618,618,0,7
619,619,0,13
620,620,0,14
621,621,0,18
622,622,0,35
623,623,0,23
624,624,0,20
625,625,0,11
626,626,0,21
627,627,0,24
628,628,0,17
629,629,0,11
630,630,0,27
631,631,0,32
632,632,0,12
633,633,0,10
634,634,0,11
635,635,0,4
636,636,0,13
637,637,0,28
638,638,0,25
639,639,0,21
640,640,0,20
641,641,0,26
642,642,0,34
643,643,0,26
644,644,0,20
645,645,0,25
646,646,0,34
647,647,0,21
648,648,0,17
649,649,0,14
650,650,0,13
651,651,0,28
652,652,0,23
653,653,0,17
654,654,0,19
655,655,0,20
656,656,0,19
657,657,0,25
658,658,0,20
659,659,0,21
660,660,0,12
661,661,0,17
662,662,0,3
663,663,0,6
664,664,0,15
665,665,0,27
666,666,0,21
667,667,0,17
668,668,0,6
669,669,0,22
670,670,0,2
671,671,0,11
672,672,0,22
673,673,0,11
674,674,0,16
675,675,0,15
676,676,0,6
677,677,0,7
678,678,0,12
679,679,0,17
680,680,0,18
681,681,0,7
682,682,0,5
683,683,0,12
684,684,0,14
685,685,0,11
686,686,0,3
687,687,0,10
688,688,0,6
689,689,0,10
690,690,0,5
691,691,0,12
692,692,0,20
693,693,0,13
694,694,0,12
695,695,0,3
696,696,0,-8
697,697,0,-5
698,698,0,16
699,699,0,9
700,700,0,9
701,701,0,11
702,702,0,11
703,703,0,14
704,704,0,1
705,705,0,6
706,706,0,2
707,707,0,13
708,708,0,14
709,709,0,21
710,710,0,9
711,711,0,1
712,712,0,-2
713,713,0,2
714,714,0,10
715,715,0,6
716,716,0,9
717,717,0,7
718,718,0,8
719,719,0,6
720,720,0,13
721,721,0,-7
722,722,0,2
723,723,0,7
724,724,0,12
725,725,0,12
726,726,0,-2
727,727,0,8
728,728,0,-4
729,729,0,-2
730,730,0,0
731,731,0,3
732,732,0,-3
733,733,0,0
734,734,0,2
735,735,0,-8
736,736,0,-4
737,737,0,5
738,738,0,-2
739,739,0,2
740,740,0,1
741,741,0,11
742,742,0,13
743,743,0,4
744,744,0,7
745,745,0,18
746,746,0,1
747,747,0,19
748,748,0,9
749,749,0,0
750,750,0,-5
751,751,0,12
752,752,0,-6
753,753,0,1
754,754,0,11
755,755,0,8
756,756,0,11
757,757,0,11
758,758,0,4
759,759,0,6
760,760,0,5
761,761,0,12
762,762,0,14
763,763,0,24
764,764,0,16
765,765,0,21
766,766,0,1
767,767,0,10
768,768,0,12
769,769,0,13
770,770,0,20
771,771,0,11
772,772,0,20
773,773,0,20
774,774,0,8
775,775,0,0
776,776,0,5
777,777,0,23
778,778,0,15
779,779,0,3
780,780,0,24
781,781,0,17
782,782,0,16
783,783,0,9
784,784,0,-4
785,785,0,11
786,786,0,3
787,787,0,19
788,788,0,27
789,789,0,20
790,790,0,20
791,791,0,22
792,792,0,11
793,793,0,13
794,794,0,18
795,795,0,18
796,796,0,19
797,797,0,17
798,798,0,8
799,799,0,23
800,800,0,15
801,801,0,5
802,802,0,16
803,803,0,11
804,804,0,16
805,805,0,12
806,806,0,21
807,807,0,23
808,808,0,26
809,809,0,18
810,810,0,16
811,811,0,4
812,812,0,4
813,813,0,14
814,814,0,4
815,815,0,11
816,816,0,21
817,817,0,11
818,818,0,13
819,819,0,10
820,820,0,14
821,821,0,11
822,822,0,16
823,823,0,11
824,824,0,12
825,825,0,4
826,826,0,16
827,827,0,25
828,828,0,29
829,829,0,21
830,830,0,24
831,831,0,19
832,832,0,17
833,833,0,24
834,834,0,13
835,835,0,16
836,836,0,19
837,837,0,20
838,838,0,11
839,839,0,20
840,840,0,13
841,841,0,19
842,842,0,14
843,843,0,16
844,844,0,12
845,845,0,6
846,846,0,10
847,847,0,15
848,848,0,15
849,849,0,3
850,850,0,8
851,851,0,15
852,852,0,4
853,853,0,5
854,854,0,16
855,855,0,8
856,856,0,22
857,857,0,1
858,858,0,7
859,859,0,6
860,860,0,4
861,861,0,7
862,862,0,8
863,863,0,-5
864,864,0,12
865,865,0,9
866,866,0,4
867,867,0,10
868,868,0,8
869,869,0,2
870,870,0,8
871,871,0,4
872,872,0,-2
873,873,0,7
874,874,0,1
875,875,0,1
876,876,0,12
877,877,0,8
878,878,0,-5
879,879,0,-6
880,880,0,7
881,881,0,4
882,882,0,6
883,883,0,5
884,884,0,9
885,885,0,0
886,886,0,5
887,887,0,3
888,888,0,-2
889,889,0,1
890,890,0,3
891,891,0,6
892,892,0,-3
893,893,0,3
894,894,0,7
895,895,0,19
896,896,0,14
897,897,0,4
898,898,0,0
899,899,0,11
900,900,0,0
901,901,0,7
902,902,0,5
903,903,0,7
904,904,0,5
905,905,0,2
906,906,0,7
907,907,0,8
908,908,0,9
909,909,0,4
910,910,0,4
911,911,0,-3
912,912,0,5
913,913,0,9
914,914,0,12
915,915,0,9
916,916,0,16
917,917,0,15
918,918,0,10
919,919,0,5
920,920,0,18
921,921,0,7
922,922,0,0
923,923,0,5
924,924,0,20
925,925,0,11
926,926,0,4
927,927,0,9
928,928,0,16
929,929,0,25
930,930,0,1
931,931,0,0
932,932,0,5
933,933,0,4
934,934,0,1
935,935,0,13
936,936,0,12
937,937,0,13
938,938,0,16
939,939,0,14
940,940,0,13
941,941,0,20
942,942,0,24
943,943,0,17
944,944,0,36
945,945,0,19
946,946,0,10
947,947,0,23
948,948,0,23
949,949,0,17
950,950,0,25
951,951,0,16
952,952,0,14
953,953,0,15
954,954,0,6
955,955,0,5
956,956,0,11
957,957,0,9
958,958,0,16
959,959,0,27
960,960,0,21
961,961,0,16
962,962,0,10
963,963,0,12
964,964,0,17
965,965,0,14
966,966,0,22
967,967,0,12
968,968,0,17
969,969,0,20
970,970,0,10
971,971,0,11
972,972,0,22
973,973,0,16
974,974,0,16
975,975,0,17
976,976,0,18
977,977,0,21
978,978,0,19
979,979,0,12
980,980,0,17
981,981,0,15
982,982,0,22
983,983,0,20
984,984,0,22
985,985,0,15
986,986,0,19
987,987,0,16
988,988,0,21
989,989,0,22
990,990,0,12
991,991,0,9
992,992,0,3
993,993,0,16
994,994,0,4
995,995,0,25
996,996,0,22
997,997,0,12
998,998,0,18
999,999,0,0
1000,1000,0,12
1001,1001,0,21
1002,1002,0,36
1003,1003,0,14
1004,1004,0,17
1005,1005,0,25
1006,1006,0,22
1007,1007,0,24
1008,1008,0,8
1009,1009,0,14
1010,1010,0,16
1011,1011,0,17
1012,1012,0,21
1013,1013,0,11
1014,1014,0,15
1015,1015,0,9
1016,1016,0,21
1017,1017,0,26
1018,1018,0,-1
1019,1019,0,11
1020,1020,0,22
1021,1021,0,17
1022,1022,0,4
1023,1023,0,6
1024,1024,0,1
1025,1025,0,12
1026,1026,0,15
1027,1027,0,15
1028,1028,0,15
1029,1029,0,8
1030,1030,0,12
1031,1031,0,16
1032,1032,0,15
1033,1033,0,4
1034,1034,0,5
1035,1035,0,8
1036,1036,0,-4
1037,1037,0,2
1038,1038,0,6
1039,1039,0,3
1040,1040,0,3
1041,1041,0,5
1042,1042,0,9
1043,1043,0,6
1044,1044,0,6
1045,1045,0,3
1046,1046,0,6
1047,1047,0,2
1048,1048,0,-9
1049,1049,0,7
1050,1050,0,5
1051,1051,0,6
1052,1052,0,1
1053,1053,0,9
1054,1054,0,2
1055,1055,0,3
1056,1056,0,-5
1057,1057,0,4
1058,1058,0,4
1059,1059,0,4
1060,1060,0,-1
1061,1061,0,6
1062,1062,0,5
1063,1063,0,1
1064,1064,0,3
1065,1065,0,8
1066,1066,0,1
1067,1067,0,3
1068,1068,0,3
1069,1069,0,6
1070,1070,0,-9
1071,1071,0,7
1072,1072,0,3
1073,1073,0,10
1074,1074,0,11
1075,1075,0,6
1076,1076,0,9
1077,1077,0,11
1078,1078,0,-1
1079,1079,0,5
1080,1080,0,6
1081,1081,0,6
1082,1082,0,17
1083,1083,0,10
1084,1084,0,10
1085,1085,0,11
1086,1086,0,7
1087,1087,0,20
1088,1088,0,16
1089,1089,0,5
1090,1090,0,17
1091,1091,0,7
1092,1092,0,13
1093,1093,0,14
1094,1094,0,7
1095,1095,0,1
1096,1096,0,6
1097,1097,0,16
1098,1098,0,21
1099,1099,0,20
1100,1100,0,11
1101,1101,0,1
1102,1102,0,13
1103,1103,0,10
1104,1104,0,13
1105,1105,0,14
1106,1106,0,16
1107,1107,0,20
1108,1108,0,21
1109,1109,0,25
1110,1110,0,16
1111,1111,0,9
1112,1112,0,19
1113,1113,0,18
1114,1114,0,12
1115,1115,0,14
1116,1116,0,21
1117,1117,0,22
1118,1118,0,24
1119,1119,0,25
1120,1120,0,14
1121,1121,0,12
1122,1122,0,13
1123,1123,0,13
1124,1124,0,9
1125,1125,0,23
1126,1126,0,24
1127,1127,0,22
1128,1128,0,12
1129,1129,0,17
1130,1130,0,18
1131,1131,0,21
1132,1132,0,13
1133,1133,0,18
1134,1134,0,22
1135,1135,0,25
1136,1136,0,21
1137,1137,0,7
1138,1138,0,15
1139,1139,0,16
1140,1140,0,18
1141,1141,0,14
1142,1142,0,29
1143,1143,0,29
1144,1144,0,19
1145,1145,0,12
1146,1146,0,10
1147,1147,0,9
1148,1148,0,18
1149,1149,0,7
1150,1150,0,20
1151,1151,0,14
1152,1152,0,19
1153,1153,0,22
1154,1154,0,28
1155,1155,0,23
1156,1156,0,26
1157,1157,0,28
1158,1158,0,26
1159,1159,0,11
1160,1160,0,13
1161,1161,0,9
1162,1162,0,17
1163,1163,0,9
1164,1164,0,17
1165,1165,0,13
1166,1166,0,6
1167,1167,0,-9
1168,1168,0,2
1169,1169,0,14
1170,1170,0,9
1171,1171,0,8
1172,1172,0,6
1173,1173,0,9
1174,1174,0,7
1175,1175,0,21
1176,1176,0,15
1177,1177,0,24
1178,1178,0,12
1179,1179,0,9
1180,1180,0,11
1181,1181,0,6
1182,1182,0,11
1183,1183,0,6
1184,1184,0,6
1185,1185,0,-2
1186,1186,0,11
1187,1187,0,11
1188,1188,0,15
1189,1189,0,-4
1190,1190,0,-3
1191,1191,0,1
1192,1192,0,13
1193,1193,0,8
1194,1194,0,7
1195,1195,0,9
1196,1196,0,5
1197,1197,0,11
1198,1198,0,6
1199,1199,0,7
1200,1200,0,0
1201,1201,0,-4
1202,1202,0,-1
1203,1203,0,-1
1204,1204,0,6
1205,1205,0,-2
1206,1206,0,4
1207,1207,0,2
1208,1208,0,1
1209,1209,0,-2
1210,1210,0,-3
1211,1211,0,4
1212,1212,0,3
1213,1213,0,1
1214,1214,0,3
1215,1215,0,2
1216,1216,0,3
1217,1217,0,1
1218,1218,0,-3
1219,1219,0,10
1220,1220,0,3
1221,1221,0,10
1222,1222,0,0
1223,1223,0,3
1224,1224,0,2
1225,1225,0,6
1226,1226,0,6
1227,1227,0,21
1228,1228,0,16
1229,1229,0,6
1230,1230,0,9
1231,1231,0,18
1232,1232,0,6
1233,1233,0,1
1234,1234,0,2
1235,1235,0,14
1236,1236,0,17
1237,1237,0,19
1238,1238,0,15
1239,1239,0,14
1240,1240,0,7
1241,1241,0,15
1242,1242,0,15
1243,1243,0,0
1244,1244,0,17
1245,1245,0,10
1246,1246,0,13
1247,1247,0,9
1248,1248,0,10
1249,1249,0,10
1250,1250,0,12
1251,1251,0,6
1252,1252,0,13
1253,1253,0,11
1254,1254,0,5
1255,1255,0,-2
1256,1256,0,8
1257,1257,0,9
1258,1258,0,18
1259,1259,0,18
1260,1260,0,20
1261,1261,0,21
1262,1262,0,13
1263,1263,0,20
1264,1264,0,9
1265,1265,0,21
1266,1266,0,20
1267,1267,0,13
1268,1268,0,9
1269,1269,0,13
1270,1270,0,10
1271,1271,0,8
1272,1272,0,2
1273,1273,0,17
1274,1274,0,17
1275,1275,0,17
1276,1276,0,14
1277,1277,0,29
1278,1278,0,21
1279,1279,0,19
1280,1280,0,20
1281,1281,0,12
1282,1282,0,12
1283,1283,0,29
1284,1284,0,20
1285,1285,0,23
1286,1286,0,19
1287,1287,0,23
1288,1288,0,15
1289,1289,0,31
1290,1290,0,26
1291,1291,0,19
1292,1292,0,31
1293,1293,0,14
1294,1294,0,20
1295,1295,0,15
1296,1296,0,30
1297,1297,0,26
1298,1298,0,26
1299,1299,0,18
1300,1300,0,12
1301,1301,0,35
1302,1302,0,34
1303,1303,0,34
1304,1304,0,19
1305,1305,0,29
1306,1306,0,12
1307,1307,0,17
1308,1308,0,11
1309,1309,0,12
1310,1310,0,20
1311,1311,0,15
1312,1312,0,19
1313,1313,0,14
1314,1314,0,22
1315,1315,0,29
1316,1316,0,30
1317,1317,0,30
1318,1318,0,18
1319,1319,0,6
1320,1320,0,12
1321,1321,0,20
1322,1322,0,12
1323,1323,0,21
1324,1324,0,23
1325,1325,0,14
1326,1326,0,25
1327,1327,0,20
1328,1328,0,6
1329,1329,0,-3
1330,1330,0,15
1331,1331,0,3
1332,1332,0,12
1333,1333,0,21
1334,1334,0,16
1335,1335,0,8
1336,1336,0,-4
1337,1337,0,17
1338,1338,0,16
1339,1339,0,3
1340,1340,0,5
1341,1341,0,-14
1342,1342,0,6
1343,1343,0,9
1344,1344,0,13
1345,1345,0,16
1346,1346,0,13
1347,1347,0,7
1348,1348,0,9
1349,1349,0,3
1350,1350,0,13
1351,1351,0,2
1352,1352,0,16
1353,1353,0,7
1354,1354,0,14
1355,1355,0,0
1356,1356,0,4
1357,1357,0,12
1358,1358,0,9
1359,1359,0,7
1360,1360,0,18
1361,1361,0,2
1362,1362,0,2
1363,1363,0,-4
1364,1364,0,5
1365,1365,0,4
1366,1366,0,-6
1367,1367,0,2
1368,1368,0,3
1369,1369,0,5
1370,1370,0,10
1371,1371,0,9
1372,1372,0,-7
1373,1373,0,4
1374,1374,0,6
1375,1375,0,1
1376,1376,0,3
1377,1377,0,1
1378,1378,0,3
1379,1379,0,16
1380,1380,0,9
1381,1381,0,9
1382,1382,0,13
1383,1383,0,6
1384,1384,0,14
1385,1385,0,9
1386,1386,0,3
1387,1387,0,14
1388,1388,0,3
1389,1389,0,5
1390,1390,0,0
1391,1391,0,11
1392,1392,0,-2
1393,1393,0,8
1394,1394,0,-2
1395,1395,0,10
1396,1396,0,8
1397,1397,0,7
1398,1398,0,8
1399,1399,0,-1
1400,1400,0,4
1401,1401,0,1
1402,1402,0,21
1403,1403,0,15
1404,1404,0,15
1405,1405,0,4
1406,1406,0,13
1407,1407,0,7
1408,1408,0,13
1409,1409,0,5
1410,1410,0,5
1411,1411,0,12
1412,1412,0,15
1413,1413,0,25
1414,1414,0,16
1415,1415,0,12
1416,1416,0,22
1417,1417,0,5
1418,1418,0,8
1419,1419,0,17
1420,1420,0,9
1421,1421,0,11
1422,1422,0,17
1423,1423,0,17
1424,1424,0,19
1425,1425,0,13
1426,1426,0,7
1427,1427,0,17
1428,1428,0,26
1429,1429,0,24
1430,1430,0,24
1431,1431,0,19
1432,1432,0,18
1433,1433,0,34
1434,1434,0,32
1435,1435,0,27
1436,1436,0,31
1437,1437,0,17
1438,1438,0,15
1439,1439,0,20
1440,1440,0,31
1441,1441,0,28
1442,1442,0,22
1443,1443,0,14
1444,1444,0,26
1445,1445,0,19
1446,1446,0,29
1447,1447,0,34
1448,1448,0,16
1449,1449,0,20
1450,1450,0,24
1451,1451,0,32
1452,1452,0,9
1453,1453,0,20
1454,1454,0,24
1455,1455,0,21
1456,1456,0,11
1457,1457,0,10
1458,1458,0,24
1459,1459,0,8
1460,1460,0,20
1461,1461,0,16
1462,1462,0,15
1463,1463,0,16
1464,1464,0,5
1465,1465,0,1
1466,1466,0,12
1467,1467,0,16
1468,1468,0,24
1469,1469,0,22
1470,1470,0,19
1471,1471,0,12
1472,1472,0,12
1473,1473,0,23
1474,1474,0,26
1475,1475,0,10
1476,1476,0,17
1477,1477,0,11
1478,1478,0,17
1479,1479,0,28
1480,1480,0,27
1481,1481,0,22
1482,1482,0,24
1483,1483,0,13
1484,1484,0,14
1485,1485,0,14
1486,1486,0,17
1487,1487,0,8
1488,1488,0,9
1489,1489,0,5
1490,1490,0,-10
1491,1491,0,-1
1492,1492,0,10
1493,1493,0,13
1494,1494,0,16
1495,1495,0,17
1496,1496,0,17
1497,1497,0,2
1498,1498,0,5
1499,1499,0,7
1500,1500,0,20
1501,1501,0,2
1502,1502,0,18
1503,1503,0,15
1504,1504,0,16
1505,1505,0,12
1506,1506,0,5
1507,1507,0,17
1508,1508,0,14
1509,1509,0,16
1510,1510,0,8
1511,1511,0,9
1512,1512,0,-4
1513,1513,0,5
1514,1514,0,8
1515,1515,0,8
1516,1516,0,8
1517,1517,0,8
1518,1518,0,9
1519,1519,0,7
1520,1520,0,2
1521,1521,0,7
1522,1522,0,6
1523,1523,0,11
1524,1524,0,8
1525,1525,0,2
1526,1526,0,9
1527,1527,0,13
1528,1528,0,11
1529,1529,0,-2
1530,1530,0,4
1531,1531,0,12
1532,1532,0,2
1533,1533,0,2
1534,1534,0,17
1535,1535,0,4
1536,1536,0,8
1537,1537,0,11
1538,1538,0,7
1539,1539,0,1
1540,1540,0,7
1541,1541,0,-3
1542,1542,0,4
1543,1543,0,2
1544,1544,0,14
1545,1545,0,1
1546,1546,0,1
1547,1547,0,3
1548,1548,0,2
1549,1549,0,-11
1550,1550,0,-3
1551,1551,0,-1
1552,1552,0,5
1553,1553,0,4
1554,1554,0,8
1555,1555,0,9
1556,1556,0,6
1557,1557,0,13
1558,1558,0,-6
1559,1559,0,-9
1560,1560,0,12
1561,1561,0,8
1562,1562,0,14
1563,1563,0,10
1564,1564,0,14
1565,1565,0,5
1566,1566,0,7
1567,1567,0,18
1568,1568,0,16
1569,1569,0,4
1570,1570,0,17
1571,1571,0,3
1572,1572,0,14
1573,1573,0,4
1574,1574,0,-6
1575,1575,0,10
1576,1576,0,16
1577,1577,0,17
1578,1578,0,12
1579,1579,0,18
1580,1580,0,9
1581,1581,0,15
1582,1582,0,15
1583,1583,0,22
1584,1584,0,4
1585,1585,0,5
1586,1586,0,17
1587,1587,0,23
1588,1588,0,20
1589,1589,0,23
1590,1590,0,21
1591,1591,0,14
1592,1592,0,16
1593,1593,0,19
1594,1594,0,18
1595,1595,0,22
1596,1596,0,24
1597,1597,0,22
1598,1598,0,8
1599,1599,0,30
1600,1600,0,11
1601,1601,0,10
1602,1602,0,21
1603,1603,0,18
1604,1604,0,21
1605,1605,0,22
1606,1606,0,19
1607,1607,0,24
1608,1608,0,30
1609,1609,0,24
1610,1610,0,17
1611,1611,0,24
1612,1612,0,19
1613,1613,0,17
1614,1614,0,10
1615,1615,0,7
1616,1616,0,16
1617,1617,0,17
1618,1618,0,15
1619,1619,0,17
1620,1620,0,18
1621,1621,0,15
1622,1622,0,15
1623,1623,0,21
1624,1624,0,21
1625,1625,0,18
1626,1626,0,22
1627,1627,0,14
1628,1628,0,21
1629,1629,0,29
1630,1630,0,1
1631,1631,0,10
1632,1632,0,7
1633,1633,0,7
1634,1634,0,14
1635,1635,0,19
1636,1636,0,21
1637,1637,0,23
1638,1638,0,-11
1639,1639,0,6
1640,1640,0,19
1641,1641,0,10
1642,1642,0,19
1643,1643,0,35
1644,1644,0,18
1645,1645,0,18
1646,1646,0,10
1647,1647,0,5
1648,1648,0,4
1649,1649,0,10
1650,1650,0,11
1651,1651,0,9
1652,1652,0,14
1653,1653,0,16
1654,1654,0,11
1655,1655,0,9
1656,1656,0,8
1657,1657,0,8
1658,1658,0,-1
1659,1659,0,0
1660,1660,0,6
1661,1661,0,8
1662,1662,0,13
1663,1663,0,9
1664,1664,0,8
1665,1665,0,-2
1666,1666,0,9
1667,1667,0,13
1668,1668,0,10
1669,1669,0,10
1670,1670,0,12
1671,1671,0,1
1672,1672,0,2
1673,1673,0,4
1674,1674,0,10
1675,1675,0,5
1676,1676,0,1
1677,1677,0,15
1678,1678,0,13
1679,1679,0,4
1680,1680,0,5
1681,1681,0,-1
1682,1682,0,4
1683,1683,0,-3
1684,1684,0,12
1685,1685,0,8
1686,1686,0,8
1687,1687,0,-7
1688,1688,0,3
1689,1689,0,2
1690,1690,0,3
1691,1691,0,-1
1692,1692,0,10
1693,1693,0,14
1694,1694,0,1
1695,1695,0,3
1696,1696,0,8
1697,1697,0,14
1698,1698,0,9
1699,1699,0,-3
1700,1700,0,12
1701,1701,0,15
1702,1702,0,7
1703,1703,0,12
1704,1704,0,10
1705,1705,0,-2
1706,1706,0,3
1707,1707,0,5
1708,1708,0,3
1709,1709,0,4
1710,1710,0,4
1711,1711,0,13
1712,1712,0,18
1713,1713,0,15
1714,1714,0,14
1715,1715,0,7
1716,1716,0,8
1717,1717,0,11
1718,1718,0,1
1719,1719,0,10
1720,1720,0,19
1721,1721,0,3
1722,1722,0,2
1723,1723,0,9
1724,1724,0,1
1725,1725,0,6
1726,1726,0,11
1727,1727,0,-4
1728,1728,0,18
1729,1729,0,16
1730,1730,0,22
1731,1731,0,18
1732,1732,0,5
1733,1733,0,17
1734,1734,0,12
1735,1735,0,19
1736,1736,0,8
1737,1737,0,20
1738,1738,0,20
1739,1739,0,18
1740,1740,0,20
1741,1741,0,9
1742,1742,0,21
1743,1743,0,11
1744,1744,0,17
1745,1745,0,12
1746,1746,0,12
1747,1747,0,21
1748,1748,0,13
1749,1749,0,18
1750,1750,0,21
1751,1751,0,21
1752,1752,0,27
1753,1753,0,22
1754,1754,0,17
1755,1755,0,19
1756,1756,0,16
1757,1757,0,30
1758,1758,0,30
1759,1759,0,28
1760,1760,0,18
1761,1761,0,9
1762,1762,0,18
1763,1763,0,14
1764,1764,0,12
1765,1765,0,21
1766,1766,0,31
1767,1767,0,26
1768,1768,0,20
1769,1769,0,12
1770,1770,0,14
1771,1771,0,16
1772,1772,0,17
1773,1773,0,20
1774,1774,0,22
1775,1775,0,20
1776,1776,0,31
1777,1777,0,25
1778,1778,0,21
1779,1779,0,22
1780,1780,0,16
1781,1781,0,26
1782,1782,0,10
1783,1783,0,16
1784,1784,0,16
1785,1785,0,18
1786,1786,0,24
1787,1787,0,22
1788,1788,0,18
1789,1789,0,18
1790,1790,0,17
1791,1791,0,21
1792,1792,0,9
1793,1793,0,17
1794,1794,0,29
1795,1795,0,15
1796,1796,0,9
1797,1797,0,5
1798,1798,0,18
1799,1799,0,23
1800,1800,0,15
1801,1801,0,8
1802,1802,0,-2
1803,1803,0,12
1804,1804,0,20
1805,1805,0,9
1806,1806,0,-9
1807,1807,0,10
1808,1808,0,17
1809,1809,0,7
1810,1810,0,12
1811,1811,0,8
1812,1812,0,-1
1813,1813,0,14
1814,1814,0,21
1815,1815,0,6
1816,1816,0,12
1817,1817,0,6
1818,1818,0,16
1819,1819,0,10
1820,1820,0,1
1821,1821,0,12
1822,1822,0,5
1823,1823,0,1
1824,1824,0,7
1825,1825,0,6
1826,1826,0,2
1827,1827,0,9
1828,1828,0,-10
1829,1829,0,7
1830,1830,0,16
1831,1831,0,-1
1832,1832,0,8
1833,1833,0,16
1834,1834,0,7
1835,1835,0,-2
1836,1836,0,2
1837,1837,0,-2
1838,1838,0,9
1839,1839,0,-1
1840,1840,0,5
1841,1841,0,13
1842,1842,0,15
1843,1843,0,6
1844,1844,0,5
1845,1845,0,3
1846,1846,0,1
1847,1847,0,1
1848,1848,0,-12
1849,1849,0,6
1850,1850,0,7
1851,1851,0,-4
1852,1852,0,5
1853,1853,0,3
1854,1854,0,1
1855,1855,0,5
1856,1856,0,7
1857,1857,0,1
1858,1858,0,3
1859,1859,0,13
1860,1860,0,4
1861,1861,0,11
1862,1862,0,4
1863,1863,0,16
1864,1864,0,14
1865,1865,0,14
1866,1866,0,-5
1867,1867,0,-4
1868,1868,0,5
1869,1869,0,12
1870,1870,0,14
1871,1871,0,9
1872,1872,0,1
1873,1873,0,-3
1874,1874,0,-3
1875,1875,0,-5
1876,1876,0,0
1877,1877,0,12
1878,1878,0,6
1879,1879,0,1
1880,1880,0,-1
1881,1881,0,15
1882,1882,0,11
1883,1883,0,12
1884,1884,0,7
1885,1885,0,8
1886,1886,0,20
1887,1887,0,6
1888,1888,0,9
1889,1889,0,8
1890,1890,0,17
1891,1891,0,17
1892,1892,0,26
1893,1893,0,8
1894,1894,0,11
1895,1895,0,20
1896,1896,0,15
1897,1897,0,5
1898,1898,0,2
1899,1899,0,20
1900,1900,0,22
1901,1901,0,28
1902,1902,0,19
1903,1903,0,25
1904,1904,0,28
1905,1905,0,19
1906,1906,0,20
1907,1907,0,20
1908,1908,0,19
1909,1909,0,24
1910,1910,0,15
1911,1911,0,20
1912,1912,0,15
1913,1913,0,11
1914,1914,0,9
1915,1915,0,3
1916,1916,0,2
1917,1917,0,12
1918,1918,0,24
1919,1919,0,20
1920,1920,0,15
1921,1921,0,16
1922,1922,0,29
1923,1923,0,30
1924,1924,0,29
1925,1925,0,25
1926,1926,0,15
1927,1927,0,14
1928,1928,0,23
1929,1929,0,25
1930,1930,0,21
1931,1931,0,29
1932,1932,0,29
1933,1933,0,19
1934,1934,0,22
1935,1935,0,14
1936,1936,0,21
1937,1937,0,25
1938,1938,0,12
1939,1939,0,24
1940,1940,0,17
1941,1941,0,22
1942,1942,0,28
1943,1943,0,14
1944,1944,0,15
1945,1945,0,24
1946,1946,0,20
1947,1947,0,13
1948,1948,0,13
1949,1949,0,21
1950,1950,0,8
1951,1951,0,21
1952,1952,0,24
1953,1953,0,25
1954,1954,0,10
1955,1955,0,15
1956,1956,0,25
1957,1957,0,25
1958,1958,0,23
1959,1959,0,23
1960,1960,0,20
1961,1961,0,23
1962,1962,0,16
1963,1963,0,-7
1964,1964,0,8
1965,1965,0,12
1966,1966,0,13
1967,1967,0,21
1968,1968,0,20
1969,1969,0,5
1970,1970,0,4
1971,1971,0,17
1972,1972,0,15
1973,1973,0,8
1974,1974,0,-3
1975,1975,0,19
1976,1976,0,12
1977,1977,0,4
1978,1978,0,5
1979,1979,0,14
1980,1980,0,6
1981,1981,0,15
1982,1982,0,13
1983,1983,0,8
1984,1984,0,22
1985,1985,0,15
1986,1986,0,3
1987,1987,0,7
1988,1988,0,8
1989,1989,0,6
1990,1990,0,15
1991,1991,0,13
1992,1992,0,10
1993,1993,0,7
1994,1994,0,10
1995,1995,0,7
1996,1996,0,9
1997,1997,0,4
1998,1998,0,12
1999,1999,0,13
2000,2000,0,2
2001,2001,0,7
2002,2002,0,9
2003,2003,0,9
2004,2004,0,8
2005,2005,0,24
2006,2006,0,15
2007,2007,0,14
2008,2008,0,7
2009,2009,0,2
2010,2010,0,9
2011,2011,0,17
2012,2012,0,7
2013,2013,0,13
2014,2014,0,5
2015,2015,0,8
2016,2016,0,-3
2017,2017,0,6
2018,2018,0,-5
2019,2019,0,0
2020,2020,0,5
2021,2021,0,-2
2022,2022,0,5
2023,2023,0,10
2024,2024,0,-5
2025,2025,0,7
2026,2026,0,6
2027,2027,0,-4
2028,2028,0,10
2029,2029,0,6
2030,2030,0,6
2031,2031,0,-3
2032,2032,0,5
2033,2033,0,9
2034,2034,0,3
2035,2035,0,12
2036,2036,0,-8
2037,2037,0,1
2038,2038,0,12
2039,2039,0,12
2040,2040,0,5
2041,2041,0,14
2042,2042,0,13
2043,2043,0,8
2044,2044,0,0
2045,2045,0,4
2046,2046,0,5
2047,2047,0,6
2048,2048,0,18
2049,2049,0,6
2050,2050,0,4
2051,2051,0,3
2052,2052,0,19
2053,2053,0,7
2054,2054,0,17
2055,2055,0,21
2056,2056,0,15
2057,2057,0,18
2058,2058,0,1
2059,2059,0,6
2060,2060,0,18
2061,2061,0,15
2062,2062,0,20
2063,2063,0,22
2064,2064,0,17
2065,2065,0,9
2066,2066,0,7
2067,2067,0,4
2068,2068,0,12
2069,2069,0,7
2070,2070,0,22
2071,2071,0,26
2072,2072,0,29
2073,2073,0,19
2074,2074,0,4
2075,2075,0,6
2076,2076,0,18
2077,2077,0,27
2078,2078,0,21
2079,2079,0,23
2080,2080,0,26
2081,2081,0,19
2082,2082,0,19
2083,2083,0,21
2084,2084,0,14
2085,2085,0,2
2086,2086,0,15
2087,2087,0,31
2088,2088,0,22
2089,2089,0,14
2090,2090,0,15
2091,2091,0,25
2092,2092,0,11
2093,2093,0,21
2094,2094,0,29
2095,2095,0,17
2096,2096,0,9
2097,2097,0,15
2098,2098,0,20
2099,2099,0,20
2100,2100,0,29
2101,2101,0,34
2102,2102,0,21
2103,2103,0,3
2104,2104,0,20
2105,2105,0,21
2106,2106,0,22
2107,2107,0,15
2108,2108,0,34
2109,2109,0,17
2110,2110,0,17
2111,2111,0,21
2112,2112,0,17
2113,2113,0,18
2114,2114,0,20
2115,2115,0,17
2116,2116,0,25
2117,2117,0,17
2118,2118,0,22
2119,2119,0,13
2120,2120,0,2
2121,2121,0,18
2122,2122,0,13
2123,2123,0,19
2124,2124,0,11
2125,2125,0,5
2126,2126,0,21
2127,2127,0,13
2128,2128,0,15
2129,2129,0,14
2130,2130,0,17
2131,2131,0,7
2132,2132,0,12
2133,2133,0,25
2134,2134,0,10
2135,2135,0,-11
2136,2136,0,5
2137,2137,0,-7
2138,2138,0,7
2139,2139,0,11
2140,2140,0,5
2141,2141,0,9
2142,2142,0,0
2143,2143,0,9
2144,2144,0,9
2145,2145,0,3
2146,2146,0,5
2147,2147,0,3
2148,2148,0,4
2149,2149,0,-1
2150,2150,0,21
2151,2151,0,10
2152,2152,0,15
2153,2153,0,16
2154,2154,0,4
2155,2155,0,2
2156,2156,0,4
2157,2157,0,9
2158,2158,0,10
2159,2159,0,1
2160,2160,0,8
2161,2161,0,12
2162,2162,0,13
2163,2163,0,-2
2164,2164,0,4
2165,2165,0,-5
2166,2166,0,0
2167,2167,0,8
2168,2168,0,9
2169,2169,0,7
2170,2170,0,10
2171,2171,0,12
2172,2172,0,11
2173,2173,0,15
2174,2174,0,10
2175,2175,0,13
2176,2176,0,5
2177,2177,0,5
2178,2178,0,6
2179,2179,0,4
2180,2180,0,2
2181,2181,0,5
2182,2182,0,-2
2183,2183,0,2
2184,2184,0,3
2185,2185,0,9
2186,2186,0,-2
2187,2187,0,6
2188,2188,0,7
2189,2189,0,8
2190,2190,0,14
2191,2191,0,7
2192,2192,0,6
2193,2193,0,24
2194,2194,0,3
2195,2195,0,-2
2196,2196,0,21
2197,2197,0,3
2198,2198,0,5
2199,2199,0,-1
2200,2200,0,1
2201,2201,0,9
2202,2202,0,6
2203,2203,0,5
2204,2204,0,12
2205,2205,0,-3
2206,2206,0,3
2207,2207,0,8
2208,2208,0,9
2209,2209,0,10
2210,2210,0,10
2211,2211,0,5
2212,2212,0,13
2213,2213,0,14
2214,2214,0,8
2215,2215,0,5
2216,2216,0,23
2217,2217,0,20
2218,2218,0,11
2219,2219,0,21
2220,2220,0,3
2221,2221,0,7
2222,2222,0,18
2223,2223,0,27
2224,2224,0,20
2225,2225,0,10
2226,2226,0,10
2227,2227,0,25
2228,2228,0,17
2229,2229,0,1
2230,2230,0,9
2231,2231,0,17
2232,2232,0,16
2233,2233,0,29
2234,2234,0,38
2235,2235,0,29
2236,2236,0,24
2237,2237,0,25
2238,2238,0,12
2239,2239,0,5
2240,2240,0,13
2241,2241,0,16
2242,2242,0,6
2243,2243,0,5
2244,2244,0,10
2245,2245,0,19
2246,2246,0,14
2247,2247,0,1
2248,2248,0,16
2249,2249,0,13
2250,2250,0,15
2251,2251,0,22
2252,2252,0,28
2253,2253,0,17
2254,2254,0,20
2255,2255,0,25
2256,2256,0,19
2257,2257,0,11
2258,2258,0,12
2259,2259,0,28
2260,2260,0,31
2261,2261,0,25
2262,2262,0,25
2263,2263,0,34
2264,2264,0,25
2265,2265,0,14
2266,2266,0,11
2267,2267,0,11
2268,2268,0,17
2269,2269,0,14
2270,2270,0,15
2271,2271,0,16
2272,2272,0,22
2273,2273,0,11
2274,2274,0,1
2275,2275,0,22
2276,2276,0,16
2277,2277,0,21
2278,2278,0,12
2279,2279,0,12
2280,2280,0,16
2281,2281,0,4
2282,2282,0,0
2283,2283,0,13
2284,2284,0,18
2285,2285,0,9
2286,2286,0,9
2287,2287,0,16
2288,2288,0,18
2289,2289,0,4
2290,2290,0,5
2291,2291,0,2
2292,2292,0,14
2293,2293,0,8
2294,2294,0,5
2295,2295,0,7
2296,2296,0,9
2297,2297,0,19
2298,2298,0,15
2299,2299,0,12
2300,2300,0,5
2301,2301,0,12
2302,2302,0,5
2303,2303,0,12
2304,2304,0,13
2305,2305,0,17
2306,2306,0,0
2307,2307,0,15
2308,2308,0,7
2309,2309,0,16
2310,2310,0,3
2311,2311,0,-2
2312,2312,0,6
2313,2313,0,8
2314,2314,0,0
2315,2315,0,9
2316,2316,0,5
2317,2317,0,18
2318,2318,0,16
2319,2319,0,13
2320,2320,0,22
2321,2321,0,7
2322,2322,0,12
2323,2323,0,14
2324,2324,0,5
2325,2325,0,6
2326,2326,0,4
2327,2327,0,-6
2328,2328,0,0
2329,2329,0,7
2330,2330,0,2
2331,2331,0,9
2332,2332,0,2
2333,2333,0,12
2334,2334,0,6
2335,2335,0,6
2336,2336,0,3
2337,2337,0,11
2338,2338,0,9
2339,2339,0,4
2340,2340,0,-1
2341,2341,0,7
2342,2342,0,-11
2343,2343,0,0
2344,2344,0,14
2345,2345,0,12
2346,2346,0,0
2347,2347,0,2
2348,2348,0,12
2349,2349,0,12
2350,2350,0,-3
2351,2351,0,9
2352,2352,0,6
2353,2353,0,5
2354,2354,0,4
2355,2355,0,4
2356,2356,0,2
2357,2357,0,7
2358,2358,0,15
2359,2359,0,-6
2360,2360,0,2
2361,2361,0,10
2362,2362,0,17
2363,2363,0,9
2364,2364,0,1
2365,2365,0,10
2366,2366,0,9
2367,2367,0,6
2368,2368,0,21
2369,2369,0,18
2370,2370,0,13
2371,2371,0,16
2372,2372,0,17
2373,2373,0,15
2374,2374,0,8
2375,2375,0,10
2376,2376,0,11
2377,2377,0,11
2378,2378,0,18
2379,2379,0,13
2380,2380,0,17
2381,2381,0,25
2382,2382,0,9
2383,2383,0,26
2384,2384,0,17
2385,2385,0,23
2386,2386,0,2
2387,2387,0,21
2388,2388,0,15
2389,2389,0,15
2390,2390,0,9
2391,2391,0,20
2392,2392,0,5
2393,2393,0,19
2394,2394,0,15
2395,2395,0,16
2396,2396,0,28
2397,2397,0,22
2398,2398,0,13
2399,2399,0,24
2400,2400,0,26
2401,2401,0,17
2402,2402,0,24
2403,2403,0,20
2404,2404,0,12
2405,2405,0,11
2406,2406,0,10
2407,2407,0,21
2408,2408,0,11
2409,2409,0,14
2410,2410,0,28
2411,2411,0,18
2412,2412,0,14
2413,2413,0,17
2414,2414,0,15
2415,2415,0,13
2416,2416,0,27
2417,2417,0,29
2418,2418,0,17
2419,2419,0,20
2420,2420,0,24
2421,2421,0,23
2422,2422,0,19
2423,2423,0,17
2424,2424,0,23
2425,2425,0,24
2426,2426,0,23
2427,2427,0,19
2428,2428,0,21
2429,2429,0,16
2430,2430,0,17
2431,2431,0,23
2432,2432,0,12
2433,2433,0,12
2434,2434,0,19
2435,2435,0,16
2436,2436,0,20
2437,2437,0,27
2438,2438,0,20
2439,2439,0,26
2440,2440,0,19
2441,2441,0,16
2442,2442,0,14
2443,2443,0,21
2444,2444,0,24
2445,2445,0,16
2446,2446,0,15
2447,2447,0,11
2448,2448,0,5
2449,2449,0,17
2450,2450,0,16
2451,2451,0,7
2452,2452,0,11
2453,2453,0,13
2454,2454,0,11
2455,2455,0,12
2456,2456,0,10
2457,2457,0,11
2458,2458,0,18
2459,2459,0,23
2460,2460,0,11
2461,2461,0,10
2462,2462,0,31
2463,2463,0,6
2464,2464,0,16
2465,2465,0,18
2466,2466,0,26
2467,2467,0,15
2468,2468,0,17
2469,2469,0,18
2470,2470,0,18
2471,2471,0,3
2472,2472,0,7
2473,2473,0,16
2474,2474,0,10
2475,2475,0,4
2476,2476,0,9
2477,2477,0,-10
2478,2478,0,9
2479,2479,0,18
2480,2480,0,12
2481,2481,0,7
2482,2482,0,7
2483,2483,0,3
2484,2484,0,3
2485,2485,0,13
2486,2486,0,5
2487,2487,0,3
2488,2488,0,22
2489,2489,0,3
2490,2490,0,-2
2491,2491,0,2
2492,2492,0,12
2493,2493,0,13
2494,2494,0,1
2495,2495,0,-8
2496,2496,0,3
2497,2497,0,4
2498,2498,0,9
2499,2499,0,-1
2500,2500,0,9
2501,2501,0,12
2502,2502,0,7
2503,2503,0,2
2504,2504,0,-1
2505,2505,0,0
2506,2506,0,7
2507,2507,0,13
2508,2508,0,6
2509,2509,0,-5
2510,2510,0,2
2511,2511,0,4
2512,2512,0,19
2513,2513,0,8
2514,2514,0,9
2515,2515,0,10
2516,2516,0,-2
2517,2517,0,21
2518,2518,0,7
2519,2519,0,4
2520,2520,0,2
2521,2521,0,-1
2522,2522,0,4
2523,2523,0,10
2524,2524,0,13
2525,2525,0,12
2526,2526,0,7
2527,2527,0,-1
2528,2528,0,17
2529,2529,0,16
2530,2530,0,18
2531,2531,0,9
2532,2532,0,13
2533,2533,0,11
2534,2534,0,17
2535,2535,0,20
2536,2536,0,12
2537,2537,0,11
2538,2538,0,13
2539,2539,0,19
2540,2540,0,17
2541,2541,0,21
2542,2542,0,1
2543,2543,0,15
2544,2544,0,13
2545,2545,0,21
2546,2546,0,16
2547,2547,0,19
2548,2548,0,15
2549,2549,0,13
2550,2550,0,15
2551,2551,0,4
2552,2552,0,12
2553,2553,0,32
2554,2554,0,23
2555,2555,0,14
2556,2556,0,18
2557,2557,0,9
2558,2558,0,8
2559,2559,0,20
2560,2560,0,21
2561,2561,0,18
2562,2562,0,20
2563,2563,0,17
2564,2564,0,21
2565,2565,0,22
2566,2566,0,28
2567,2567,0,42
2568,2568,0,14
2569,2569,0,17
2570,2570,0,23
2571,2571,0,18
2572,2572,0,16
2573,2573,0,16
2574,2574,0,13
2575,2575,0,18
2576,2576,0,10
2577,2577,0,1
2578,2578,0,10
2579,2579,0,16
2580,2580,0,15
2581,2581,0,26
2582,2582,0,14
2583,2583,0,27
2584,2584,0,27
2585,2585,0,18
2586,2586,0,15
2587,2587,0,16
2588,2588,0,17
2589,2589,0,26
2590,2590,0,18
2591,2591,0,30
2592,2592,0,18
2593,2593,0,11
2594,2594,0,9
2595,2595,0,21
2596,2596,0,24
2597,2597,0,27
2598,2598,0,14
2599,2599,0,8
2600,2600,0,9
2601,2601,0,14
2602,2602,0,17
2603,2603,0,12
2604,2604,0,15
2605,2605,0,3
2606,2606,0,12
2607,2607,0,7
2608,2608,0,18
2609,2609,0,12
2610,2610,0,15
2611,2611,0,7
2612,2612,0,6
2613,2613,0,5
2614,2614,0,13
2615,2615,0,5
2616,2616,0,26
2617,2617,0,20
2618,2618,0,9
2619,2619,0,7
2620,2620,0,15
2621,2621,0,14
2622,2622,0,22
2623,2623,0,22
2624,2624,0,12
2625,2625,0,9
2626,2626,0,9
2627,2627,0,21
2628,2628,0,14
2629,2629,0,3
2630,2630,0,5
2631,2631,0,-3
2632,2632,0,5
2633,2633,0,1
2634,2634,0,8
2635,2635,0,11
2636,2636,0,8
2637,2637,0,10
2638,2638,0,10
2639,2639,0,9
2640,2640,0,0
2641,2641,0,-2
2642,2642,0,5
2643,2643,0,-2
2644,2644,0,12
2645,2645,0,14
2646,2646,0,8
2647,2647,0,10
2648,2648,0,15
2649,2649,0,14
2650,2650,0,10
2651,2651,0,8
2652,2652,0,5
2653,2653,0,11
2654,2654,0,7
2655,2655,0,7
2656,2656,0,2
2657,2657,0,8
2658,2658,0,4
2659,2659,0,4
2660,2660,0,13
2661,2661,0,7
2662,2662,0,2
2663,2663,0,1
2664,2664,0,9
2665,2665,0,7
2666,2666,0,0
2667,2667,0,6
2668,2668,0,13
2669,2669,0,5
2670,2670,0,10
2671,2671,0,12
2672,2672,0,6
2673,2673,0,13
2674,2674,0,15
2675,2675,0,17
2676,2676,0,1
2677,2677,0,13
2678,2678,0,5
2679,2679,0,5
2680,2680,0,1
2681,2681,0,6
2682,2682,0,9
2683,2683,0,12
2684,2684,0,7
2685,2685,0,12
2686,2686,0,12
2687,2687,0,15
2688,2688,0,1
2689,2689,0,19
2690,2690,0,4
2691,2691,0,3
2692,2692,0,23
2693,2693,0,9
2694,2694,0,26
2695,2695,0,23
2696,2696,0,13
2697,2697,0,10
2698,2698,0,16
2699,2699,0,15
2700,2700,0,9
2701,2701,0,17
2702,2702,0,-6
2703,2703,0,6
2704,2704,0,14
2705,2705,0,13
2706,2706,0,6
2707,2707,0,19
2708,2708,0,26
2709,2709,0,28
2710,2710,0,13
2711,2711,0,20
2712,2712,0,11
2713,2713,0,14
2714,2714,0,12
2715,2715,0,8
2716,2716,0,6
2717,2717,0,21
2718,2718,0,15
2719,2719,0,25
2720,2720,0,4
2721,2721,0,12
2722,2722,0,24
2723,2723,0,25
2724,2724,0,11
2725,2725,0,21
2726,2726,0,15
2727,2727,0,21
2728,2728,0,30
2729,2729,0,32
2730,2730,0,12
2731,2731,0,14
2732,2732,0,6
2733,2733,0,13
2734,2734,0,12
2735,2735,0,18
2736,2736,0,18
2737,2737,0,24
2738,2738,0,17
2739,2739,0,15
2740,2740,0,13
2741,2741,0,8
2742,2742,0,20
2743,2743,0,17
2744,2744,0,19
2745,2745,0,18
2746,2746,0,7
2747,2747,0,10
2748,2748,0,21
2749,2749,0,15
2750,2750,0,11
2751,2751,0,18
2752,2752,0,8
2753,2753,0,25
2754,2754,0,21
2755,2755,0,18
2756,2756,0,5
2757,2757,0,15
2758,2758,0,14
2759,2759,0,10
2760,2760,0,8
2761,2761,0,6
2762,2762,0,8
2763,2763,0,15
2764,2764,0,17
2765,2765,0,16
2766,2766,0,20
2767,2767,0,18
2768,2768,0,20
2769,2769,0,19
2770,2770,0,18
2771,2771,0,12
2772,2772,0,16
2773,2773,0,17
2774,2774,0,8
2775,2775,0,6
2776,2776,0,20
2777,2777,0,11
2778,2778,0,3
2779,2779,0,5
2780,2780,0,7
2781,2781,0,15
2782,2782,0,4
2783,2783,0,8
2784,2784,0,4
2785,2785,0,2
2786,2786,0,6
2787,2787,0,5
2788,2788,0,7
2789,2789,0,0
2790,2790,0,12
2791,2791,0,17
2792,2792,0,10
2793,2793,0,5
2794,2794,0,-2
2795,2795,0,3
2796,2796,0,-2
2797,2797,0,8
2798,2798,0,13
2799,2799,0,7
2800,2800,0,2
2801,2801,0,6
2802,2802,0,8
2803,2803,0,5
2804,2804,0,8
2805,2805,0,12
2806,2806,0,12
2807,2807,0,8
2808,2808,0,10
2809,2809,0,4
2810,2810,0,8
2811,2811,0,16
2812,2812,0,15
2813,2813,0,15
2814,2814,0,8
2815,2815,0,1
2816,2816,0,-1
2817,2817,0,-12
2818,2818,0,5
2819,2819,0,-2
2820,2820,0,14
2821,2821,0,3
2822,2822,0,10
2823,2823,0,8
2824,2824,0,5
2825,2825,0,9
2826,2826,0,16
2827,2827,0,1
2828,2828,0,-2
2829,2829,0,11
2830,2830,0,14
2831,2831,0,8
2832,2832,0,14
2833,2833,0,11
2834,2834,0,10
2835,2835,0,10
2836,2836,0,13
2837,2837,0,18
2838,2838,0,12
2839,2839,0,16
2840,2840,0,17
2841,2841,0,12
2842,2842,0,1
2843,2843,0,8
2844,2844,0,-3
2845,2845,0,9
2846,2846,0,14
2847,2847,0,12
2848,2848,0,18
2849,2849,0,10
2850,2850,0,15
2851,2851,0,9
2852,2852,0,14
2853,2853,0,8
2854,2854,0,1
2855,2855,0,14
2856,2856,0,5
2857,2857,0,10
2858,2858,0,16
2859,2859,0,28
2860,2860,0,23
2861,2861,0,14
2862,2862,0,15
2863,2863,0,13
2864,2864,0,14
2865,2865,0,18
2866,2866,0,25
2867,2867,0,11
2868,2868,0,19
2869,2869,0,9
2870,2870,0,16
2871,2871,0,24
2872,2872,0,19
2873,2873,0,25
2874,2874,0,9
2875,2875,0,32
2876,2876,0,23
2877,2877,0,19
2878,2878,0,18
2879,2879,0,20
2880,2880,0,24
2881,2881,0,19
2882,2882,0,18
2883,2883,0,16
2884,2884,0,6
2885,2885,0,12
2886,2886,0,14
2887,2887,0,20
2888,2888,0,19
2889,2889,0,22
2890,2890,0,19
2891,2891,0,28
2892,2892,0,26
2893,2893,0,8
2894,2894,0,17
2895,2895,0,11
2896,2896,0,19
2897,2897,0,17
2898,2898,0,11
2899,2899,0,21
2900,2900,0,20
2901,2901,0,8
2902,2902,0,19
2903,2903,0,16
2904,2904,0,17
2905,2905,0,17
2906,2906,0,29
2907,2907,0,27
2908,2908,0,23
2909,2909,0,10
2910,2910,0,9
2911,2911,0,5
2912,2912,0,13
2913,2913,0,28
2914,2914,0,24
2915,2915,0,22
2916,2916,0,25
2917,2917,0,20
2918,2918,0,14
2919,2919,0,3
2920,2920,0,18
2921,2921,0,22
2922,2922,0,21
2923,2923,0,6
2924,2924,0,3
2925,2925,0,5
2926,2926,0,8
2927,2927,0,7
2928,2928,0,23
2929,2929,0,19
2930,2930,0,23
2931,2931,0,15
2932,2932,0,14
2933,2933,0,17
2934,2934,0,10
2935,2935,0,12
2936,2936,0,17
2937,2937,0,17
2938,2938,0,15
2939,2939,0,12
2940,2940,0,7
2941,2941,0,11
2942,2942,0,18
2943,2943,0,12
2944,2944,0,9
2945,2945,0,7
2946,2946,0,5
2947,2947,0,-5
2948,2948,0,14
2949,2949,0,17
2950,2950,0,12
2951,2951,0,1
2952,2952,0,7
2953,2953,0,3
2954,2954,0,1
2955,2955,0,2
2956,2956,0,-1
2957,2957,0,6
2958,2958,0,4
2959,2959,0,19
2960,2960,0,5
2961,2961,0,-5
2962,2962,0,3
2963,2963,0,4
2964,2964,0,3
2965,2965,0,-1
2966,2966,0,15
2967,2967,0,1
2968,2968,0,15
2969,2969,0,18
2970,2970,0,10
2971,2971,0,0
2972,2972,0,9
2973,2973,0,-3
2974,2974,0,2
2975,2975,0,-3
2976,2976,0,1
2977,2977,0,12
2978,2978,0,-4
2979,2979,0,9
2980,2980,0,4
2981,2981,0,8
2982,2982,0,6
2983,2983,0,12
2984,2984,0,7
2985,2985,0,0
2986,2986,0,3
2987,2987,0,0
2988,2988,0,1
2989,2989,0,19
2990,2990,0,9
2991,2991,0,6
2992,2992,0,15
2993,2993,0,8
2994,2994,0,0
2995,2995,0,4
2996,2996,0,14
2997,2997,0,14
2998,2998,0,9
2999,2999,0,3
3000,3000,0,1
3001,3001,0,5
3002,3002,0,-1
3003,3003,0,10
3004,3004,0,4
3005,3005,0,25
3006,3006,0,9
3007,3007,0,11
3008,3008,0,23
3009,3009,0,9
3010,3010,0,14
3011,3011,0,25
3012,3012,0,20
3013,3013,0,13
3014,3014,0,7
3015,3015,0,19
3016,3016,0,9
3017,3017,0,14
3018,3018,0,15
3019,3019,0,16
3020,3020,0,21
3021,3021,0,21
3022,3022,0,24
3023,3023,0,23
3024,3024,0,15
3025,3025,0,30
3026,3026,0,16
3027,3027,0,0
3028,3028,0,3
3029,3029,0,14
3030,3030,0,11
3031,3031,0,28
3032,3032,0,28
3033,3033,0,20
3034,3034,0,10
3035,3035,0,12
3036,3036,0,15
3037,3037,0,8
3038,3038,0,16
3039,3039,0,17
3040,3040,0,12
3041,3041,0,11
3042,3042,0,23
3043,3043,0,18
3044,3044,0,17
3045,3045,0,21
3046,3046,0,24
3047,3047,0,20
3048,3048,0,22
3049,3049,0,22
3050,3050,0,17
3051,3051,0,-2
3052,3052,0,18
3053,3053,0,25
3054,3054,0,21
3055,3055,0,16
3056,3056,0,7
3057,3057,0,13
3058,3058,0,25
3059,3059,0,24
3060,3060,0,18
3061,3061,0,15
3062,3062,0,19
3063,3063,0,22
3064,3064,0,25
3065,3065,0,4
3066,3066,0,10
3067,3067,0,8
3068,3068,0,16
3069,3069,0,13
3070,3070,0,24
3071,3071,0,21
3072,3072,0,11
3073,3073,0,16
3074,3074,0,10
3075,3075,0,8
3076,3076,0,17
3077,3077,0,21
3078,3078,0,27
3079,3079,0,14
3080,3080,0,10
3081,3081,0,20
3082,3082,0,24
3083,3083,0,23
3084,3084,0,24
3085,3085,0,11
3086,3086,0,6
3087,3087,0,8
3088,3088,0,15
3089,3089,0,21
3090,3090,0,17
3091,3091,0,17
3092,3092,0,9
3093,3093,0,9
3094,3094,0,20
3095,3095,0,-2
3096,3096,0,22
3097,3097,0,6
3098,3098,0,9
3099,3099,0,20
3100,3100,0,15
3101,3101,0,18
3102,3102,0,11
3103,3103,0,3
3104,3104,0,3
3105,3105,0,26
3106,3106,0,18
3107,3107,0,14
3108,3108,0,18
3109,3109,0,4
3110,3110,0,2
3111,3111,0,2
3112,3112,0,12
3113,3113,0,13
3114,3114,0,14
3115,3115,0,10
3116,3116,0,3
3117,3117,0,11
3118,3118,0,3
3119,3119,0,-2
3120,3120,0,1
3121,3121,0,4
3122,3122,0,12
3123,3123,0,1
3124,3124,0,-5
3125,3125,0,0
3126,3126,0,-2
3127,3127,0,5
3128,3128,0,3
3129,3129,0,17
3130,3130,0,0
3131,3131,0,9
3132,3132,0,14
3133,3133,0,11
3134,3134,0,24
3135,3135,0,7
3136,3136,0,-6
3137,3137,0,3
3138,3138,0,2
3139,3139,0,0
3140,3140,0,4
3141,3141,0,6
3142,3142,0,4
3143,3143,0,10
3144,3144,0,-4
3145,3145,0,2
3146,3146,0,-9
3147,3147,0,4
3148,3148,0,15
3149,3149,0,4
3150,3150,0,7
3151,3151,0,5
3152,3152,0,2
3153,3153,0,1
3154,3154,0,2
3155,3155,0,7
3156,3156,0,16
3157,3157,0,6
3158,3158,0,18
3159,3159,0,5
3160,3160,0,18
3161,3161,0,10
3162,3162,0,18
3163,3163,0,14
3164,3164,0,4
3165,3165,0,8
3166,3166,0,12
3167,3167,0,5
3168,3168,0,19
3169,3169,0,12
3170,3170,0,23
3171,3171,0,36
3172,3172,0,9
3173,3173,0,6
3174,3174,0,12
3175,3175,0,16
3176,3176,0,21
3177,3177,0,15
3178,3178,0,6
3179,3179,0,9
3180,3180,0,25
3181,3181,0,28
3182,3182,0,18
3183,3183,0,12
3184,3184,0,24
3185,3185,0,16
3186,3186,0,11
3187,3187,0,16
3188,3188,0,22
3189,3189,0,30
3190,3190,0,18
3191,3191,0,27
3192,3192,0,27
3193,3193,0,30
3194,3194,0,17
3195,3195,0,13
3196,3196,0,27
3197,3197,0,31
3198,3198,0,37
3199,3199,0,15
3200,3200,0,16
3201,3201,0,16
3202,3202,0,16
3203,3203,0,16
3204,3204,0,18
3205,3205,0,16
3206,3206,0,18
3207,3207,0,14
3208,3208,0,30
3209,3209,0,15
3210,3210,0,30
3211,3211,0,30
3212,3212,0,20
3213,3213,0,12
3214,3214,0,16
3215,3215,0,30
3216,3216,0,25
3217,3217,0,30
3218,3218,0,24
3219,3219,0,21
3220,3220,0,14
3221,3221,0,1
3222,3222,0,7
3223,3223,0,17
3224,3224,0,-2
3225,3225,0,13
3226,3226,0,28
3227,3227,0,18
3228,3228,0,23
3229,3229,0,24
3230,3230,0,12
3231,3231,0,-1
3232,3232,0,18
3233,3233,0,8
3234,3234,0,-1
3235,3235,0,11
3236,3236,0,8
3237,3237,0,21
3238,3238,0,26
3239,3239,0,24
3240,3240,0,3
3241,3241,0,12
3242,3242,0,22
3243,3243,0,10
3244,3244,0,-2
3245,3245,0,12
3246,3246,0,3
3247,3247,0,6
3248,3248,0,12
3249,3249,0,10
3250,3250,0,16
3251,3251,0,23
3252,3252,0,4
3253,3253,0,4
3254,3254,0,3
3255,3255,0,-7
3256,3256,0,16
3257,3257,0,10
3258,3258,0,12
3259,3259,0,13
3260,3260,0,13
3261,3261,0,2
3262,3262,0,9
3263,3263,0,14
3264,3264,0,-1
3265,3265,0,14
3266,3266,0,13
3267,3267,0,8
3268,3268,0,7
3269,3269,0,0
3270,3270,0,2
3271,3271,0,9
3272,3272,0,5
3273,3273,0,6
3274,3274,0,-4
3275,3275,0,-5
3276,3276,0,20
3277,3277,0,30
3278,3278,0,21
3279,3279,0,5
3280,3280,0,-4
3281,3281,0,1
3282,3282,0,0
3283,3283,0,-5
3284,3284,0,1
3285,3285,0,0
3286,3286,0,11
3287,3287,0,6
3288,3288,0,6
3289,3289,0,5
3290,3290,0,5
3291,3291,0,-2
3292,3292,0,13
3293,3293,0,16
3294,3294,0,0
3295,3295,0,6
3296,3296,0,8
3297,3297,0,10
3298,3298,0,0
3299,3299,0,22
3300,3300,0,15
3301,3301,0,8
3302,3302,0,16
3303,3303,0,4
3304,3304,0,1
3305,3305,0,11
3306,3306,0,-2
3307,3307,0,4
3308,3308,0,15
3309,3309,0,8
3310,3310,0,6
3311,3311,0,18
3312,3312,0,1
3313,3313,0,14
3314,3314,0,8
3315,3315,0,20
3316,3316,0,3
3317,3317,0,8
3318,3318,0,-3
3319,3319,0,11
3320,3320,0,18
3321,3321,0,21
3322,3322,0,16
3323,3323,0,4
3324,3324,0,11
3325,3325,0,13
3326,3326,0,16
3327,3327,0,9
3328,3328,0,9
3329,3329,0,14
3330,3330,0,16
3331,3331,0,14
3332,3332,0,6
3333,3333,0,7
3334,3334,0,13
3335,3335,0,11
3336,3336,0,14
3337,3337,0,21
3338,3338,0,17
3339,3339,0,19
3340,3340,0,22
3341,3341,0,20
3342,3342,0,13
3343,3343,0,-3
3344,3344,0,13
3345,3345,0,7
3346,3346,0,9
3347,3347,0,19
3348,3348,0,14
3349,3349,0,1
3350,3350,0,8
3351,3351,0,13
3352,3352,0,15
3353,3353,0,11
3354,3354,0,10
3355,3355,0,8
3356,3356,0,12
3357,3357,0,16
3358,3358,0,26
3359,3359,0,29
3360,3360,0,12
3361,3361,0,10
3362,3362,0,6
3363,3363,0,22
3364,3364,0,23
3365,3365,0,29
3366,3366,0,21
3367,3367,0,16
3368,3368,0,23
3369,3369,0,22
3370,3370,0,27
3371,3371,0,19
3372,3372,0,22
3373,3373,0,19
3374,3374,0,14
3375,3375,0,18
3376,3376,0,10
3377,3377,0,22
3378,3378,0,22
3379,3379,0,27
3380,3380,0,23
3381,3381,0,20
3382,3382,0,17
3383,3383,0,17
3384,3384,0,16
3385,3385,0,17
3386,3386,0,10
3387,3387,0,13
3388,3388,0,9
3389,3389,0,8
3390,3390,0,18
3391,3391,0,32
3392,3392,0,11
3393,3393,0,18
3394,3394,0,11
3395,3395,0,19
3396,3396,0,14
3397,3397,0,21
3398,3398,0,16
3399,3399,0,4
3400,3400,0,1
3401,3401,0,19
3402,3402,0,15
3403,3403,0,11
3404,3404,0,30
3405,3405,0,23
3406,3406,0,19
3407,3407,0,17
3408,3408,0,15
3409,3409,0,14
3410,3410,0,18
3411,3411,0,2
3412,3412,0,15
3413,3413,0,8
3414,3414,0,11
3415,3415,0,10
3416,3416,0,3
3417,3417,0,10
3418,3418,0,16
3419,3419,0,19
3420,3420,0,-2
3421,3421,0,1
3422,3422,0,7
3423,3423,0,3
3424,3424,0,17
3425,3425,0,15
3426,3426,0,13
3427,3427,0,7
3428,3428,0,1
3429,3429,0,4
3430,3430,0,15
3431,3431,0,4
3432,3432,0,11
3433,3433,0,6
3434,3434,0,8
3435,3435,0,8
3436,3436,0,0
3437,3437,0,6
3438,3438,0,7
3439,3439,0,5
3440,3440,0,14
3441,3441,0,-2
3442,3442,0,7
3443,3443,0,6
3444,3444,0,6
3445,3445,0,10
3446,3446,0,-1
3447,3447,0,1
3448,3448,0,3
3449,3449,0,6
3450,3450,0,3
3451,3451,0,3
3452,3452,0,-2
3453,3453,0,-5
3454,3454,0,-9
3455,3455,0,-6
3456,3456,0,12
3457,3457,0,3
3458,3458,0,20
3459,3459,0,14
3460,3460,0,12
3461,3461,0,2
3462,3462,0,15
3463,3463,0,10
3464,3464,0,2
3465,3465,0,5
3466,3466,0,1
3467,3467,0,14
3468,3468,0,7
3469,3469,0,14
3470,3470,0,18
3471,3471,0,16
3472,3472,0,-1
3473,3473,0,0
3474,3474,0,-3
3475,3475,0,-1
3476,3476,0,2
3477,3477,0,5
3478,3478,0,11
3479,3479,0,7
3480,3480,0,7
3481,3481,0,8
3482,3482,0,16
3483,3483,0,24
3484,3484,0,13
3485,3485,0,-2
3486,3486,0,9
3487,3487,0,14
3488,3488,0,16
3489,3489,0,13
3490,3490,0,8
3491,3491,0,14
3492,3492,0,4
3493,3493,0,17
3494,3494,0,14
3495,3495,0,4
3496,3496,0,18
3497,3497,0,15
3498,3498,0,4
3499,3499,0,5
3500,3500,0,13
3501,3501,0,25
3502,3502,0,19
3503,3503,0,15
3504,3504,0,18
3505,3505,0,25
3506,3506,0,14
3507,3507,0,30
3508,3508,0,18
3509,3509,0,29
3510,3510,0,22
3511,3511,0,15
3512,3512,0,18
3513,3513,0,8
3514,3514,0,22
3515,3515,0,20
3516,3516,0,9
3517,3517,0,14
3518,3518,0,18
3519,3519,0,15
3520,3520,0,18
3521,3521,0,7
3522,3522,0,15
3523,3523,0,17
3524,3524,0,10
3525,3525,0,11
3526,3526,0,24
3527,3527,0,20
3528,3528,0,7
3529,3529,0,11
3530,3530,0,14
3531,3531,0,14
3532,3532,0,7
3533,3533,0,15
3534,3534,0,21
3535,3535,0,24
3536,3536,0,12
3537,3537,0,16
3538,3538,0,23
3539,3539,0,14
3540,3540,0,13
3541,3541,0,2
3542,3542,0,15
3543,3543,0,1
3544,3544,0,8
3545,3545,0,10
3546,3546,0,18
3547,3547,0,16
3548,3548,0,19
3549,3549,0,15
3550,3550,0,15
3551,3551,0,15
3552,3552,0,11
3553,3553,0,11
3554,3554,0,18
3555,3555,0,13
3556,3556,0,28
3557,3557,0,18
3558,3558,0,15
3559,3559,0,13
3560,3560,0,15
3561,3561,0,14
3562,3562,0,25
3563,3563,0,19
3564,3564,0,26
3565,3565,0,23
3566,3566,0,8
3567,3567,0,10
3568,3568,0,-5
3569,3569,0,21
3570,3570,0,11
3571,3571,0,4
3572,3572,0,3
3573,3573,0,2
3574,3574,0,15
3575,3575,0,14
3576,3576,0,14
3577,3577,0,18
3578,3578,0,10
3579,3579,0,6
3580,3580,0,19
3581,3581,0,15
3582,3582,0,22
3583,3583,0,10
3584,3584,0,13
3585,3585,0,14
3586,3586,0,9
3587,3587,0,6
3588,3588,0,12
3589,3589,0,5
3590,3590,0,2
3591,3591,0,1
3592,3592,0,-7
3593,3593,0,7
3594,3594,0,5
3595,3595,0,8
3596,3596,0,9
3597,3597,0,8
3598,3598,0,-4
3599,3599,0,11
3600,3600,0,8
3601,3601,0,14
3602,3602,0,3
3603,3603,0,7
3604,3604,0,12
3605,3605,0,5
3606,3606,0,-3
3607,3607,0,6
3608,3608,0,10
3609,3609,0,8
3610,3610,0,6
3611,3611,0,-2
3612,3612,0,2
3613,3613,0,0
3614,3614,0,0
3615,3615,0,7
3616,3616,0,-2
3617,3617,0,8
3618,3618,0,10
3619,3619,0,8
3620,3620,0,8
3621,3621,0,3
3622,3622,0,-3
3623,3623,0,6
3624,3624,0,-5
3625,3625,0,9
3626,3626,0,2
3627,3627,0,6
3628,3628,0,8
3629,3629,0,8
3630,3630,0,9
3631,3631,0,8
3632,3632,0,-1
3633,3633,0,0
3634,3634,0,5
3635,3635,0,7
3636,3636,0,6
3637,3637,0,9
3638,3638,0,20
3639,3639,0,7
3640,3640,0,16
3641,3641,0,20
3642,3642,0,14
3643,3643,0,25
3644,3644,0,7
3645,3645,0,4
3646,3646,0,25
3647,3647,0,19
3648,3648,0,22
3649,3649,0,7
3650,3650,0,12
3651,3651,0,14
3652,3652,0,11
3653,3653,0,19
3654,3654,0,18
3655,3655,0,17
3656,3656,0,24
3657,3657,0,13
3658,3658,0,1
3659,3659,0,21
3660,3660,0,6
3661,3661,0,9
3662,3662,0,23
3663,3663,0,20
3664,3664,0,27
3665,3665,0,13
3666,3666,0,20
3667,3667,0,14
3668,3668,0,26
3669,3669,0,26
3670,3670,0,16
3671,3671,0,21
3672,3672,0,23
3673,3673,0,16
3674,3674,0,12
3675,3675,0,7
3676,3676,0,14
3677,3677,0,23
3678,3678,0,30
3679,3679,0,26
3680,3680,0,13
3681,3681,0,18
3682,3682,0,17
3683,3683,0,23
3684,3684,0,12
3685,3685,0,16
3686,3686,0,23
3687,3687,0,27
3688,3688,0,26
3689,3689,0,14
3690,3690,0,17
3691,3691,0,26
3692,3692,0,28
3693,3693,0,24
3694,3694,0,15
3695,3695,0,21
3696,3696,0,24
3697,3697,0,16
3698,3698,0,27
3699,3699,0,18
3700,3700,0,28
3701,3701,0,14
3702,3702,0,27
3703,3703,0,13
3704,3704,0,19
3705,3705,0,17
3706,3706,0,13
3707,3707,0,27
3708,3708,0,12
3709,3709,0,27
3710,3710,0,16
3711,3711,0,15
3712,3712,0,-2
3713,3713,0,12
3714,3714,0,11
3715,3715,0,5
3716,3716,0,22
3717,3717,0,13
3718,3718,0,20
3719,3719,0,17
3720,3720,0,19
3721,3721,0,16
3722,3722,0,20
3723,3723,0,14
3724,3724,0,13
3725,3725,0,14
3726,3726,0,11
3727,3727,0,14
3728,3728,0,5
3729,3729,0,6
3730,3730,0,22
3731,3731,0,23
3732,3732,0,23
3733,3733,0,12
3734,3734,0,32
3735,3735,0,21
3736,3736,0,15
3737,3737,0,6
3738,3738,0,0
3739,3739,0,7
3740,3740,0,17
3741,3741,0,10
3742,3742,0,23
3743,3743,0,-3
3744,3744,0,2
3745,3745,0,7
3746,3746,0,14
3747,3747,0,13
3748,3748,0,13
3749,3749,0,8
3750,3750,0,0
3751,3751,0,4
3752,3752,0,17
3753,3753,0,12
3754,3754,0,20
3755,3755,0,2
3756,3756,0,2
3757,3757,0,4
3758,3758,0,8
3759,3759,0,16
3760,3760,0,15
3761,3761,0,7
3762,3762,0,3
3763,3763,0,8
3764,3764,0,6
3765,3765,0,7
3766,3766,0,2
3767,3767,0,13
3768,3768,0,5
3769,3769,0,17
3770,3770,0,-5
3771,3771,0,10
3772,3772,0,1
3773,3773,0,10
3774,3774,0,10
3775,3775,0,2
3776,3776,0,7
3777,3777,0,8
3778,3778,0,11
3779,3779,0,11
3780,3780,0,13
3781,3781,0,-2
3782,3782,0,6
3783,3783,0,21
3784,3784,0,9
3785,3785,0,3
3786,3786,0,3
3787,3787,0,13
3788,3788,0,20
3789,3789,0,5
3790,3790,0,25
3791,3791,0,7
3792,3792,0,3
3793,3793,0,12
3794,3794,0,8
3795,3795,0,13
3796,3796,0,8
3797,3797,0,14
3798,3798,0,9
3799,3799,0,10
3800,3800,0,7
3801,3801,0,9
3802,3802,0,8
3803,3803,0,11
3804,3804,0,3
3805,3805,0,1
3806,3806,0,11
3807,3807,0,0
3808,3808,0,4
3809,3809,0,14
3810,3810,0,6
3811,3811,0,1
3812,3812,0,20
3813,3813,0,19
3814,3814,0,14
3815,3815,0,6
3816,3816,0,20
3817,3817,0,11
3818,3818,0,16
3819,3819,0,7
3820,3820,0,12
3821,3821,0,2
3822,3822,0,-1
3823,3823,0,3
3824,3824,0,15
3825,3825,0,18
3826,3826,0,31
3827,3827,0,25
3828,3828,0,18
3829,3829,0,25
3830,3830,0,22
3831,3831,0,25
3832,3832,0,22
3833,3833,0,10
3834,3834,0,14
3835,3835,0,14
3836,3836,0,3
3837,3837,0,21
3838,3838,0,28
3839,3839,0,11
3840,3840,0,22
3841,3841,0,8
3842,3842,0,20
3843,3843,0,28
3844,3844,0,17
3845,3845,0,25
3846,3846,0,26
3847,3847,0,32
3848,3848,0,24
3849,3849,0,29
3850,3850,0,22
3851,3851,0,11
3852,3852,0,18
3853,3853,0,12
3854,3854,0,16
3855,3855,0,19
3856,3856,0,9
3857,3857,0,12
3858,3858,0,14
3859,3859,0,15
3860,3860,0,11
3861,3861,0,25
3862,3862,0,16
3863,3863,0,13
3864,3864,0,15
3865,3865,0,11
3866,3866,0,2
3867,3867,0,25
3868,3868,0,17
3869,3869,0,13
3870,3870,0,7
3871,3871,0,15
3872,3872,0,17
3873,3873,0,26
3874,3874,0,27
3875,3875,0,20
3876,3876,0,7
3877,3877,0,7
3878,3878,0,8
3879,3879,0,16
3880,3880,0,18
3881,3881,0,27
3882,3882,0,20
3883,3883,0,11
3884,3884,0,25
3885,3885,0,15
3886,3886,0,14
3887,3887,0,14
3888,3888,0,12
3889,3889,0,12
3890,3890,0,5
3891,3891,0,1
3892,3892,0,7
3893,3893,0,10
3894,3894,0,14
3895,3895,0,7
3896,3896,0,6
3897,3897,0,25
3898,3898,0,20
3899,3899,0,16
3900,3900,0,11
3901,3901,0,14
3902,3902,0,16
3903,3903,0,15
3904,3904,0,13
3905,3905,0,16
3906,3906,0,-4
3907,3907,0,6
3908,3908,0,7
3909,3909,0,12
3910,3910,0,10
3911,3911,0,4
3912,3912,0,13
3913,3913,0,15
3914,3914,0,2
3915,3915,0,19
3916,3916,0,7
3917,3917,0,8
3918,3918,0,4
3919,3919,0,17
3920,3920,0,10
3921,3921,0,6
3922,3922,0,-3
3923,3923,0,3
3924,3924,0,9
3925,3925,0,13
3926,3926,0,12
3927,3927,0,1
3928,3928,0,5
3929,3929,0,12
3930,3930,0,16
3931,3931,0,15
3932,3932,0,14
3933,3933,0,5
3934,3934,0,10
3935,3935,0,3
3936,3936,0,8
3937,3937,0,-1
3938,3938,0,17
3939,3939,0,1
3940,3940,0,6
3941,3941,0,14
3942,3942,0,4
3943,3943,0,0
3944,3944,0,11
3945,3945,0,6
3946,3946,0,1
3947,3947,0,-3
3948,3948,0,14
3949,3949,0,7
3950,3950,0,1
3951,3951,0,1
3952,3952,0,2
3953,3953,0,3
3954,3954,0,6
3955,3955,0,6
3956,3956,0,6
3957,3957,0,10
3958,3958,0,7
3959,3959,0,13
3960,3960,0,8
3961,3961,0,7
3962,3962,0,6
3963,3963,0,14
3964,3964,0,7
3965,3965,0,13
3966,3966,0,17
3967,3967,0,22
3968,3968,0,10
3969,3969,0,14
3970,3970,0,13
3971,3971,0,6
3972,3972,0,10
3973,3973,0,16
3974,3974,0,10
3975,3975,0,19
3976,3976,0,10
3977,3977,0,17
3978,3978,0,21
3979,3979,0,5
3980,3980,0,12
3981,3981,0,13
3982,3982,0,18
3983,3983,0,26
3984,3984,0,16
3985,3985,0,16
3986,3986,0,22
3987,3987,0,13
3988,3988,0,25
3989,3989,0,29
3990,3990,0,20
3991,3991,0,19
3992,3992,0,19
3993,3993,0,20
3994,3994,0,4
3995,3995,0,11
3996,3996,0,13
3997,3997,0,15
3998,3998,0,9
3999,3999,0,15
4000,4000,0,25
4001,4001,0,13
4002,4002,0,21
4003,4003,0,18
4004,4004,0,15
4005,4005,0,24
4006,4006,0,23
4007,4007,0,20
4008,4008,0,22
4009,4009,0,18
4010,4010,0,16
4011,4011,0,13
4012,4012,0,21
4013,4013,0,26
4014,4014,0,3
4015,4015,0,1
4016,4016,0,14
4017,4017,0,17
4018,4018,0,19
4019,4019,0,20
4020,4020,0,18
4021,4021,0,25
4022,4022,0,11
4023,4023,0,14
4024,4024,0,8
4025,4025,0,24
4026,4026,0,15
4027,4027,0,11
4028,4028,0,18
4029,4029,0,7
4030,4030,0,14
4031,4031,0,13
4032,4032,0,14
4033,4033,0,1
4034,4034,0,6
4035,4035,0,20
4036,4036,0,23
4037,4037,0,16
4038,4038,0,21
4039,4039,0,8
4040,4040,0,11
4041,4041,0,4
4042,4042,0,2
4043,4043,0,15
4044,4044,0,14
4045,4045,0,21
4046,4046,0,22
4047,4047,0,21
4048,4048,0,3
4049,4049,0,7
4050,4050,0,0
4051,4051,0,12
4052,4052,0,5
4053,4053,0,13
4054,4054,0,21
4055,4055,0,23
4056,4056,0,18
4057,4057,0,12
4058,4058,0,6
4059,4059,0,7
4060,4060,0,9
4061,4061,0,11
4062,4062,0,-1
4063,4063,0,11
4064,4064,0,4
4065,4065,0,16
4066,4066,0,2
4067,4067,0,11
4068,4068,0,10
4069,4069,0,-4
4070,4070,0,-6
4071,4071,0,1
4072,4072,0,14
4073,4073,0,11
4074,4074,0,13
4075,4075,0,22
4076,4076,0,19
4077,4077,0,14
4078,4078,0,7
4079,4079,0,16
4080,4080,0,3
4081,4081,0,4
4082,4082,0,13
4083,4083,0,-1
4084,4084,0,5
4085,4085,0,2
4086,4086,0,-3
4087,4087,0,4
4088,4088,0,13
4089,4089,0,7
4090,4090,0,-7
4091,4091,0,8
4092,4092,0,6
4093,4093,0,7
4094,4094,0,10
4095,4095,0,0
4096,4096,1,9
4097,4097,0,13
4098,4098,0,6
4099,4099,0,12
4100,4100,0,10
4101,4101,0,7
4102,4102,0,-7
4103,4103,0,3
4104,4104,0,4
4105,4105,0,6
4106,4106,0,8
4107,4107,0,15
4108,4108,0,7
4109,4109,0,5
4110,4110,0,18
4111,4111,0,8
4112,4112,0,5
4113,4113,0,7
4114,4114,0,5
4115,4115,0,20
4116,4116,0,18
4117,4117,0,11
4118,4118,0,8
4119,4119,0,7
4120,4120,0,11
4121,4121,0,13
4122,4122,0,-1
4123,4123,0,2
4124,4124,0,16
4125,4125,0,5
4126,4126,0,3
4127,4127,0,5
4128,4128,0,12
4129,4129,0,19
4130,4130,0,10
4131,4131,0,15
4132,4132,0,24
4133,4133,0,23
4134,4134,0,14
4135,4135,0,18
4136,4136,0,20
4137,4137,0,8
4138,4138,0,20
4139,4139,0,19
4140,4140,0,12
4141,4141,0,25
4142,4142,0,18
4143,4143,0,15
4144,4144,0,12
4145,4145,0,18
4146,4146,0,15
4147,4147,0,20
4148,4148,0,9
4149,4149,0,11
4150,4150,0,13
4151,4151,0,23
4152,4152,0,23
4153,4153,0,27
4154,4154,0,29
4155,4155,0,22
4156,4156,0,13
4157,4157,0,14
4158,4158,0,18
4159,4159,0,22
4160,4160,0,30
4161,4161,0,21
4162,4162,0,15
4163,4163,0,10
4164,4164,0,19
4165,4165,0,7
4166,4166,0,24
4167,4167,0,28
4168,4168,0,22
4169,4169,0,17
4170,4170,0,18
4171,4171,0,5
4172,4172,0,22
4173,4173,0,23
4174,4174,0,21
4175,4175,0,21
4176,4176,0,13
4177,4177,0,26
4178,4178,0,25
4179,4179,0,9
4180,4180,0,20
4181,4181,0,19
4182,4182,0,18
4183,4183,0,14
4184,4184,0,29
4185,4185,0,26
4186,4186,0,18
4187,4187,0,15
4188,4188,0,24
4189,4189,0,26
4190,4190,0,14
4191,4191,0,15
4192,4192,0,19
4193,4193,0,7
4194,4194,0,11
4195,4195,0,19
4196,4196,0,25
4197,4197,0,9
4198,4198,0,18
4199,4199,0,16
4200,4200,0,7
4201,4201,0,25
4202,4202,0,23
4203,4203,0,21
4204,4204,0,19
4205,4205,0,16
4206,4206,0,6
4207,4207,0,20
4208,4208,0,11
4209,4209,0,22
4210,4210,0,18
4211,4211,0,12
4212,4212,0,7
4213,4213,0,2
4214,4214,0,8
4215,4215,0,26
4216,4216,0,9
4217,4217,0,5
4218,4218,0,20
4219,4219,0,7
4220,4220,0,13
4221,4221,0,20
4222,4222,0,14
4223,4223,0,18
4224,4224,0,1
4225,4225,0,8
4226,4226,0,6
4227,4227,0,15
4228,4228,0,5
4229,4229,0,12
4230,4230,0,11
4231,4231,0,15
4232,4232,0,6
4233,4233,0,7
4234,4234,0,0
4235,4235,0,12
4236,4236,0,15
4237,4237,0,9
4238,4238,0,3
4239,4239,0,-3
4240,4240,0,-3
4241,4241,0,-4
4242,4242,0,2
4243,4243,0,15
4244,4244,0,11
4245,4245,0,8
4246,4246,0,11
4247,4247,0,16
4248,4248,0,12
4249,4249,0,4
4250,4250,0,5
4251,4251,0,4
4252,4252,0,2
4253,4253,0,10
4254,4254,0,8
4255,4255,0,6
4256,4256,0,8
4257,4257,0,1
4258,4258,0,-6
4259,4259,0,-1
4260,4260,0,4
4261,4261,0,-7
4262,4262,0,3
4263,4263,0,4
4264,4264,0,10
4265,4265,0,-3
4266,4266,0,11
4267,4267,0,12
4268,4268,0,9
4269,4269,0,0
4270,4270,0,8
4271,4271,0,8
4272,4272,0,11
4273,4273,0,6
4274,4274,0,17
4275,4275,0,8
4276,4276,0,14
4277,4277,0,16
4278,4278,0,12
4279,4279,0,6
4280,4280,0,4
4281,4281,0,20
4282,4282,0,22
4283,4283,0,16
4284,4284,0,10
4285,4285,0,3
4286,4286,0,18
4287,4287,0,19
4288,4288,0,12
4289,4289,0,10
4290,4290,0,23
4291,4291,0,22
4292,4292,0,21
4293,4293,0,5
4294,4294,0,13
4295,4295,0,19
4296,4296,0,26
4297,4297,0,18
4298,4298,0,18
4299,4299,0,11
4300,4300,0,11
4301,4301,0,17
4302,4302,0,11
4303,4303,0,16
4304,4304,0,13
4305,4305,0,11
4306,4306,0,21
4307,4307,0,18
4308,4308,0,20
4309,4309,0,9
4310,4310,0,13
4311,4311,0,22
4312,4312,0,14
4313,4313,0,26
4314,4314,0,22
4315,4315,0,23
4316,4316,0,32
4317,4317,0,28
4318,4318,0,31
4319,4319,0,18
4320,4320,0,14
4321,4321,0,28
4322,4322,0,24
4323,4323,0,18
4324,4324,0,20
4325,4325,0,30
4326,4326,0,27
4327,4327,0,15
4328,4328,0,23
4329,4329,0,22
4330,4330,0,19
4331,4331,0,18
4332,4332,0,1
4333,4333,0,14
4334,4334,0,9
4335,4335,0,25
4336,4336,0,21
4337,4337,0,7
4338,4338,0,20
4339,4339,0,11
4340,4340,0,6
4341,4341,0,13
4342,4342,0,12
4343,4343,0,23
4344,4344,0,7
4345,4345,0,10
4346,4346,0,15
4347,4347,0,7
4348,4348,0,20
4349,4349,0,28
4350,4350,0,17
4351,4351,0,9
4352,4352,0,23
4353,4353,0,-4
4354,4354,0,13
4355,4355,0,15
4356,4356,0,17
4357,4357,0,19
4358,4358,0,19
4359,4359,0,18
4360,4360,0,22
4361,4361,0,18
4362,4362,0,10
4363,4363,0,19
4364,4364,0,19
4365,4365,0,5
4366,4366,0,23
4367,4367,0,16
4368,4368,0,12
4369,4369,0,-2
4370,4370,0,2
4371,4371,0,-3
4372,4372,0,17
4373,4373,0,13
4374,4374,0,7
4375,4375,0,7
4376,4376,0,7
4377,4377,0,34
4378,4378,0,7
4379,4379,0,14
4380,4380,0,-2
4381,4381,0,5
4382,4382,0,-8
4383,4383,0,4
4384,4384,0,17
4385,4385,0,21
4386,4386,0,8
4387,4387,0,-1
4388,4388,0,7
4389,4389,0,3
4390,4390,0,15
4391,4391,0,11
4392,4392,0,19
4393,4393,0,6
4394,4394,0,4
4395,4395,0,3
4396,4396,0,8
4397,4397,0,6
4398,4398,0,6
4399,4399,0,0
4400,4400,0,12
4401,4401,0,11
4402,4402,0,8
4403,4403,0,6
4404,4404,0,-3
4405,4405,0,13
4406,4406,0,8
4407,4407,0,18
4408,4408,0,5
4409,4409,0,5
4410,4410,0,12
4411,4411,0,14
4412,4412,0,11
4413,4413,0,5
4414,4414,0,14
4415,4415,0,6
4416,4416,0,4
4417,4417,0,1
4418,4418,0,2
4419,4419,0,10
4420,4420,0,17
4421,4421,0,14
4422,4422,0,3
4423,4423,0,10
4424,4424,0,6
4425,4425,0,1
4426,4426,0,3
4427,4427,0,12
4428,4428,0,-7
4429,4429,0,9
4430,4430,0,-1
4431,4431,0,11
4432,4432,0,6
4433,4433,0,-1
4434,4434,0,9
4435,4435,0,10
4436,4436,0,4
4437,4437,0,12
4438,4438,0,15
4439,4439,0,12
4440,4440,0,9
4441,4441,0,6
4442,4442,0,13
4443,4443,0,14
4444,4444,0,-5
4445,4445,0,1
4446,4446,0,8
4447,4447,0,12
4448,4448,0,24
4449,4449,0,9
4450,4450,0,11
4451,4451,0,12
4452,4452,0,17
4453,4453,0,0
4454,4454,0,16
4455,4455,0,18
4456,4456,0,17
4457,4457,0,11
4458,4458,0,19
4459,4459,0,12
4460,4460,0,18
4461,4461,0,10
4462,4462,0,2
4463,4463,0,20
4464,4464,0,24
4465,4465,0,30
4466,4466,0,14
4467,4467,0,12
4468,4468,0,13
4469,4469,0,0
4470,4470,0,11
4471,4471,0,19
4472,4472,0,19
4473,4473,0,27
4474,4474,0,12
4475,4475,0,11
4476,4476,0,18
4477,4477,0,24
4478,4478,0,18
4479,4479,0,22
4480,4480,0,25
4481,4481,0,17
4482,4482,0,11
4483,4483,0,8
4484,4484,0,5
4485,4485,0,13
4486,4486,0,10
4487,4487,0,5
4488,4488,0,3
4489,4489,0,15
4490,4490,0,10
4491,4491,0,19
4492,4492,0,18
4493,4493,0,19
4494,4494,0,27
4495,4495,0,22
4496,4496,0,37
4497,4497,0,32
4498,4498,0,31
4499,4499,0,22
4500,4500,0,16
4501,4501,0,22
4502,4502,0,16
4503,4503,0,4
4504,4504,0,10
4505,4505,0,7
4506,4506,0,27
4507,4507,0,17
4508,4508,0,17
4509,4509,0,11
4510,4510,0,12
4511,4511,0,2
4512,4512,0,14
4513,4513,0,16
4514,4514,0,17
4515,4515,0,6
4516,4516,0,4
4517,4517,0,13
4518,4518,0,12
4519,4519,0,-2
4520,4520,0,13
4521,4521,0,14
4522,4522,0,9
4523,4523,0,11
4524,4524,0,7
4525,4525,0,18
4526,4526,0,5
4527,4527,0,14
4528,4528,0,13
4529,4529,0,14
4530,4530,0,8
4531,4531,0,13
4532,4532,0,24
4533,4533,0,13
4534,4534,0,13
4535,4535,0,6
4536,4536,0,7
4537,4537,0,11
4538,4538,0,9
4539,4539,0,12
4540,4540,0,21
4541,4541,0,14
4542,4542,0,4
4543,4543,0,6
4544,4544,0,6
4545,4545,0,13
4546,4546,0,13
4547,4547,0,15
4548,4548,0,-1
4549,4549,0,6
4550,4550,0,-3
4551,4551,0,13
4552,4552,0,17
4553,4553,0,6
4554,4554,0,9
4555,4555,0,14
4556,4556,0,8
4557,4557,0,-1
4558,4558,0,3
4559,4559,0,9
4560,4560,0,-2
4561,4561,0,9
4562,4562,0,5
4563,4563,0,8
4564,4564,0,8
4565,4565,0,9
4566,4566,0,15
4567,4567,0,7
4568,4568,0,7
4569,4569,0,4
4570,4570,0,-2
4571,4571,0,16
4572,4572,0,9
4573,4573,0,4
4574,4574,0,-1
4575,4575,0,4
4576,4576,0,2
4577,4577,0,-7
4578,4578,0,6
4579,4579,0,11
4580,4580,0,-3
4581,4581,0,0
4582,4582,0,-6
4583,4583,0,6
4584,4584,0,4
4585,4585,0,14
4586,4586,0,-1
4587,4587,0,0
4588,4588,0,-3
4589,4589,0,-11
4590,4590,0,3
4591,4591,0,1
4592,4592,0,-9
4593,4593,0,20
4594,4594,0,12
4595,4595,0,25
4596,4596,0,18
4597,4597,0,6
4598,4598,0,19
4599,4599,0,24
4600,4600,0,15
4601,4601,0,1
4602,4602,0,17
4603,4603,0,16
4604,4604,0,0
4605,4605,0,11
4606,4606,0,19
4607,4607,0,19
4608,4608,0,17
4609,4609,0,6
4610,4610,0,-1
4611,4611,0,3
4612,4612,0,7
4613,4613,0,5
4614,4614,0,17
4615,4615,0,18
4616,4616,0,13
4617,4617,0,7
4618,4618,0,14
4619,4619,0,27
4620,4620,0,13
4621,4621,0,20
4622,4622,0,9
4623,4623,0,16
4624,4624,0,18
4625,4625,0,9
4626,4626,0,30
4627,4627,0,14
4628,4628,0,21
4629,4629,0,21
4630,4630,0,26
4631,4631,0,5
4632,4632,0,10
4633,4633,0,26
4634,4634,0,11
4635,4635,0,15
4636,4636,0,24
4637,4637,0,9
4638,4638,0,24
4639,4639,0,19
4640,4640,0,18
4641,4641,0,16
4642,4642,0,8
4643,4643,0,14
4644,4644,0,28
4645,4645,0,20
4646,4646,0,15
4647,4647,0,19
4648,4648,0,22
4649,4649,0,18
4650,4650,0,9
4651,4651,0,21
4652,4652,0,10
4653,4653,0,23
4654,4654,0,9
4655,4655,0,19
4656,4656,0,15
4657,4657,0,10
4658,4658,0,10
4659,4659,0,6
4660,4660,0,25
4661,4661,0,23
4662,4662,0,7
4663,4663,0,18
4664,4664,0,23
4665,4665,0,16
4666,4666,0,26
4667,4667,0,14
4668,4668,0,19
4669,4669,0,16
4670,4670,0,15
4671,4671,0,13
4672,4672,0,20
4673,4673,0,16
4674,4674,0,14
4675,4675,0,2
4676,4676,0,12
4677,4677,0,13
4678,4678,0,16
4679,4679,0,4
4680,4680,0,19
4681,4681,0,14
4682,4682,0,15
4683,4683,0,6
4684,4684,0,21
4685,4685,0,10
4686,4686,0,12
4687,4687,0,3
4688,4688,0,8
4689,4689,0,4
4690,4690,0,5
4691,4691,0,7
4692,4692,0,22
4693,4693,0,14
4694,4694,0,7
4695,4695,0,7
4696,4696,0,3
4697,4697,0,6
4698,4698,0,-2
4699,4699,0,-2
4700,4700,0,3
4701,4701,0,22
4702,4702,0,8
4703,4703,0,4
4704,4704,0,11
4705,4705,0,16
4706,4706,0,8
4707,4707,0,8
4708,4708,0,6
4709,4709,0,7
4710,4710,0,11
4711,4711,0,3
4712,4712,0,1
4713,4713,0,7
4714,4714,0,-3
4715,4715,0,7
4716,4716,0,-2
4717,4717,0,10
4718,4718,0,10
4719,4719,0,0
4720,4720,0,-3
4721,4721,0,3
4722,4722,0,21
4723,4723,0,13
4724,4724,0,11
4725,4725,0,5
4726,4726,0,4
4727,4727,0,14
4728,4728,0,0
4729,4729,0,8
4730,4730,0,9
4731,4731,0,-5
4732,4732,0,-2
4733,4733,0,5
4734,4734,0,5
4735,4735,0,7
4736,4736,0,11
4737,4737,0,18
4738,4738,0,16
4739,4739,0,-3
4740,4740,0,1
4741,4741,0,5
4742,4742,0,-8
4743,4743,0,2
4744,4744,0,2
4745,4745,0,3
4746,4746,0,3
4747,4747,0,12
4748,4748,0,9
4749,4749,0,8
4750,4750,0,2
4751,4751,0,6
4752,4752,0,10
4753,4753,0,0
4754,4754,0,5
4755,4755,0,-3
4756,4756,0,-3
4757,4757,0,-2
4758,4758,0,6
4759,4759,0,0
4760,4760,0,8
4761,4761,0,13
4762,4762,0,20
4763,4763,0,4
4764,4764,0,9
4765,4765,0,3
4766,4766,0,12
4767,4767,0,6
4768,4768,0,22
4769,4769,0,22
4770,4770,0,8
4771,4771,0,10
4772,4772,0,11
4773,4773,0,7
4774,4774,0,2
4775,4775,0,-4
4776,4776,0,13
4777,4777,0,8
4778,4778,0,10
4779,4779,0,12
4780,4780,0,13
4781,4781,0,18
4782,4782,0,16
4783,4783,0,20
4784,4784,0,20
4785,4785,0,12
4786,4786,0,25
4787,4787,0,24
4788,4788,0,18
4789,4789,0,17
4790,4790,0,8
4791,4791,0,24
4792,4792,0,34
4793,4793,0,17
4794,4794,0,22
4795,4795,0,24
4796,4796,0,21
4797,4797,0,15
4798,4798,0,17
4799,4799,0,30
4800,4800,0,20
4801,4801,0,25
4802,4802,0,14
4803,4803,0,20
4804,4804,0,30
4805,4805,0,12
4806,4806,0,23
4807,4807,0,27
4808,4808,0,18
4809,4809,0,18
4810,4810,0,18
4811,4811,0,18
4812,4812,0,11
4813,4813,0,22
4814,4814,0,21
4815,4815,0,25
4816,4816,0,11
4817,4817,0,21
4818,4818,0,25
4819,4819,0,16
4820,4820,0,16
4821,4821,0,21
4822,4822,0,18
4823,4823,0,9
4824,4824,0,19
4825,4825,0,18
4826,4826,0,29
4827,4827,0,20
4828,4828,0,20
4829,4829,0,11
4830,4830,0,9
4831,4831,0,10
4832,4832,0,6
4833,4833,0,24
4834,4834,0,6
4835,4835,0,17
4836,4836,0,30
4837,4837,0,21
4838,4838,0,15
4839,4839,0,22
4840,4840,0,7
4841,4841,0,17
4842,4842,0,1
4843,4843,0,5
4844,4844,0,20
4845,4845,0,17
4846,4846,0,26
4847,4847,0,20
4848,4848,0,17
4849,4849,0,13
4850,4850,0,25
4851,4851,0,12
4852,4852,0,3
4853,4853,0,2
4854,4854,0,14
4855,4855,0,24
4856,4856,0,8
4857,4857,0,9
4858,4858,0,-2
4859,4859,0,4
4860,4860,0,17
4861,4861,0,16
4862,4862,0,7
4863,4863,0,2
4864,4864,0,1
4865,4865,0,1
4866,4866,0,9
4867,4867,0,28
4868,4868,0,14
4869,4869,0,21
4870,4870,0,17
4871,4871,0,16
4872,4872,0,2
4873,4873,0,6
4874,4874,0,5
4875,4875,0,0
4876,4876,0,19
4877,4877,0,-3
4878,4878,0,11
4879,4879,0,6
4880,4880,0,1
4881,4881,0,6
4882,4882,0,7
4883,4883,0,3
4884,4884,0,6
4885,4885,0,-1
4886,4886,0,13
4887,4887,0,9
4888,4888,0,12
4889,4889,0,12
4890,4890,0,-1
4891,4891,0,0
4892,4892,0,-11
4893,4893,0,-6
4894,4894,0,6
4895,4895,0,0
4896,4896,0,9
4897,4897,0,1
4898,4898,0,2
4899,4899,0,2
4900,4900,0,0
4901,4901,0,7
4902,4902,0,7
4903,4903,0,10
4904,4904,0,18
4905,4905,0,15
4906,4906,0,21
4907,4907,0,18
4908,4908,0,10
4909,4909,0,14
4910,4910,0,14
4911,4911,0,-2
4912,4912,0,13
4913,4913,0,15
4914,4914,0,17
4915,4915,0,10
4916,4916,0,1
4917,4917,0,2
4918,4918,0,12
4919,4919,0,17
4920,4920,0,3
4921,4921,0,11
4922,4922,0,-1
4923,4923,0,14
4924,4924,0,9
4925,4925,0,3
4926,4926,0,5
4927,4927,0,24
4928,4928,0,16
4929,4929,0,22
4930,4930,0,21
4931,4931,0,23
4932,4932,0,9
4933,4933,0,15
4934,4934,0,21
4935,4935,0,10
4936,4936,0,19
4937,4937,0,6
4938,4938,0,13
4939,4939,0,8
4940,4940,0,22
4941,4941,0,20
4942,4942,0,24
4943,4943,0,25
4944,4944,0,10
4945,4945,0,24
4946,4946,0,21
4947,4947,0,23
4948,4948,0,22
4949,4949,0,24
4950,4950,0,19
4951,4951,0,20
4952,4952,0,12
4953,4953,0,13
4954,4954,0,20
4955,4955,0,23
4956,4956,0,24
4957,4957,0,12
4958,4958,0,17
4959,4959,0,12
4960,4960,0,20
4961,4961,0,4
4962,4962,0,17
4963,4963,0,15
4964,4964,0,16
4965,4965,0,17
4966,4966,0,17
4967,4967,0,-4
4968,4968,0,6
4969,4969,0,11
4970,4970,0,18
4971,4971,0,28
4972,4972,0,30
4973,4973,0,26
4974,4974,0,14
4975,4975,0,26
4976,4976,0,15
4977,4977,0,19
4978,4978,0,21
4979,4979,0,12
4980,4980,0,17
4981,4981,0,2
4982,4982,0,3
4983,4983,0,18
4984,4984,0,17
4985,4985,0,17
4986,4986,0,35
4987,4987,0,13
4988,4988,0,24
4989,4989,0,7
4990,4990,0,18
4991,4991,0,16
4992,4992,0,26
4993,4993,0,25
4994,4994,0,12
4995,4995,0,13
4996,4996,0,16
4997,4997,0,22
4998,4998,0,14
4999,4999,0,10
5000,5000,0,21
5001,5001,0,8
5002,5002,0,11
5003,5003,0,0
5004,5004,0,5
5005,5005,0,3
5006,5006,0,9
5007,5007,0,11
5008,5008,0,10
5009,5009,0,11
5010,5010,0,19
5011,5011,0,14
5012,5012,0,-1
5013,5013,0,0
5014,5014,0,12
5015,5015,0,19
5016,5016,0,3
5017,5017,0,10
5018,5018,0,17
5019,5019,0,8
5020,5020,0,23
5021,5021,0,10
5022,5022,0,18
5023,5023,0,9
5024,5024,0,14
5025,5025,0,11
5026,5026,0,6
5027,5027,0,8
5028,5028,0,9
5029,5029,0,10
5030,5030,0,0
5031,5031,0,-3
5032,5032,0,1
5033,5033,0,8
5034,5034,0,6
5035,5035,0,-8
5036,5036,0,4
5037,5037,0,-2
5038,5038,0,12
5039,5039,0,-3
5040,5040,0,5
5041,5041,0,11
5042,5042,0,9
5043,5043,0,-3
5044,5044,0,-3
5045,5045,0,0
5046,5046,0,-5
5047,5047,0,-5
5048,5048,0,1
5049,5049,0,2
5050,5050,0,19
5051,5051,0,0
5052,5052,0,6
5053,5053,0,6
5054,5054,0,10
5055,5055,0,8
5056,5056,0,-4
5057,5057,0,4
5058,5058,0,16
5059,5059,0,5
5060,5060,0,13
5061,5061,0,1
5062,5062,0,2
5063,5063,0,-3
5064,5064,0,-4
5065,5065,0,5
5066,5066,0,11
5067,5067,0,10
5068,5068,0,7
5069,5069,0,10
5070,5070,0,7
5071,5071,0,7
5072,5072,0,18
5073,5073,0,16
5074,5074,0,4
5075,5075,0,9
5076,5076,0,9
5077,5077,0,18
5078,5078,0,10
5079,5079,0,5
5080,5080,0,-1
5081,5081,0,3
5082,5082,0,5
5083,5083,0,-6
5084,5084,0,5
5085,5085,0,17
5086,5086,0,15
5087,5087,0,14
5088,5088,0,8
5089,5089,0,21
5090,5090,0,-1
5091,5091,0,8
5092,5092,0,22
5093,5093,0,21
5094,5094,0,13
5095,5095,0,11
5096,5096,0,8
5097,5097,0,7
5098,5098,0,3
5099,5099,0,17
5100,5100,0,8
5101,5101,0,4
5102,5102,0,17
5103,5103,0,23
5104,5104,0,11
5105,5105,0,10
5106,5106,0,23
5107,5107,0,26
5108,5108,0,13
5109,5109,0,15
5110,5110,0,17
5111,5111,0,21
5112,5112,0,23
5113,5113,0,29
5114,5114,0,24
5115,5115,0,3
5116,5116,0,3
5117,5117,0,16
5118,5118,0,10
5119,5119,0,27
5120,5120,0,22
5121,5121,0,23
5122,5122,0,23
5123,5123,0,25
5124,5124,0,18
5125,5125,0,17
5126,5126,0,15
5127,5127,0,18
5128,5128,0,21
5129,5129,0,17
5130,5130,0,16
5131,5131,0,18
5132,5132,0,17
5133,5133,0,14
5134,5134,0,10
5135,5135,0,9
5136,5136,0,23
5137,5137,0,19
5138,5138,0,15
5139,5139,0,12
5140,5140,0,10
5141,5141,0,17
5142,5142,0,7
5143,5143,0,10
5144,5144,0,23
5145,5145,0,13
5146,5146,0,5
5147,5147,0,25
5148,5148,0,15
5149,5149,0,19
5150,5150,0,15
5151,5151,0,8
5152,5152,0,15
5153,5153,0,16
5154,5154,0,4
5155,5155,0,27
5156,5156,0,15
5157,5157,0,21
5158,5158,0,13
5159,5159,0,5
5160,5160,0,14
5161,5161,0,19
5162,5162,0,7
5163,5163,0,2
5164,5164,0,19
5165,5165,0,2
5166,5166,0,15
5167,5167,0,25
5168,5168,0,17
5169,5169,0,14
5170,5170,0,6
5171,5171,0,7
5172,5172,0,17
5173,5173,0,25
5174,5174,0,27
5175,5175,0,13
5176,5176,0,19
5177,5177,0,11
5178,5178,0,-6
5179,5179,0,9
5180,5180,0,1
5181,5181,0,-10
5182,5182,0,10
5183,5183,0,5
5184,5184,0,19
5185,5185,0,11
5186,5186,0,22
5187,5187,0,5
5188,5188,0,14
5189,5189,0,1
5190,5190,0,2
5191,5191,0,4
5192,5192,0,0
5193,5193,0,3
5194,5194,0,3
5195,5195,0,4
5196,5196,0,9
5197,5197,0,12
5198,5198,0,11
5199,5199,0,18
5200,5200,0,7
5201,5201,0,6
5202,5202,0,7
5203,5203,0,11
5204,5204,0,-3
5205,5205,0,7
5206,5206,0,2
5207,5207,0,3
5208,5208,0,4
5209,5209,0,11
5210,5210,0,4
5211,5211,0,8
5212,5212,0,-1
5213,5213,0,0
5214,5214,0,-2
5215,5215,0,4
5216,5216,0,2
5217,5217,0,6
5218,5218,0,7
5219,5219,0,2
5220,5220,0,11
5221,5221,0,-4
5222,5222,0,4
5223,5223,0,2
5224,5224,0,2
5225,5225,0,7
5226,5226,0,0
5227,5227,0,8
5228,5228,0,3
5229,5229,0,11
5230,5230,0,12
5231,5231,0,9
5232,5232,0,9
5233,5233,0,1
5234,5234,0,4
5235,5235,0,13
5236,5236,0,10
5237,5237,0,9
5238,5238,0,-4
5239,5239,0,11
5240,5240,0,-1
5241,5241,0,4
5242,5242,0,4
5243,5243,0,3
5244,5244,0,10
5245,5245,0,19
5246,5246,0,19
5247,5247,0,11
5248,5248,0,18
5249,5249,0,34
5250,5250,0,15
5251,5251,0,17
5252,5252,0,17
5253,5253,0,11
5254,5254,0,8
5255,5255,0,5
5256,5256,0,18
5257,5257,0,12
5258,5258,0,19
5259,5259,0,34
5260,5260,0,29
5261,5261,0,14
5262,5262,0,11
5263,5263,0,14
5264,5264,0,8
5265,5265,0,15
5266,5266,0,13
5267,5267,0,17
5268,5268,0,19
5269,5269,0,15
5270,5270,0,14
5271,5271,0,19
5272,5272,0,17
5273,5273,0,26
5274,5274,0,14
5275,5275,0,26
5276,5276,0,18
5277,5277,0,7
5278,5278,0,18
5279,5279,0,23
5280,5280,0,27
5281,5281,0,25
5282,5282,0,24
5283,5283,0,25
5284,5284,0,14
5285,5285,0,25
5286,5286,0,21
5287,5287,0,15
5288,5288,0,16
5289,5289,0,25
5290,5290,0,24
5291,5291,0,25
5292,5292,0,28
5293,5293,0,30
5294,5294,0,26
5295,5295,0,22
5296,5296,0,15
5297,5297,0,22
5298,5298,0,8
5299,5299,0,1
5300,5300,0,16
5301,5301,0,21
5302,5302,0,18
5303,5303,0,26
5304,5304,0,21
5305,5305,0,18
5306,5306,0,17
5307,5307,0,19
5308,5308,0,29
5309,5309,0,28
5310,5310,0,17
5311,5311,0,14
5312,5312,0,9
5313,5313,0,6
5314,5314,0,6
5315,5315,0,7
5316,5316,0,15
5317,5317,0,17
5318,5318,0,9
5319,5319,0,10
5320,5320,0,19
5321,5321,0,2
5322,5322,0,12
5323,5323,0,12
5324,5324,0,18
5325,5325,0,24
5326,5326,0,6
5327,5327,0,13
5328,5328,0,26
5329,5329,0,4
5330,5330,0,16
5331,5331,0,12
5332,5332,0,12
5333,5333,0,8
5334,5334,0,6
5335,5335,0,10
5336,5336,0,15
5337,5337,0,15
5338,5338,0,3
5339,5339,0,5
5340,5340,0,8
5341,5341,0,9
5342,5342,0,5
5343,5343,0,21
5344,5344,0,21
5345,5345,0,17
5346,5346,0,9
5347,5347,0,11
5348,5348,0,3
5349,5349,0,16
5350,5350,0,12
5351,5351,0,4
5352,5352,0,23
5353,5353,0,6
5354,5354,0,18
5355,5355,0,7
5356,5356,0,2
5357,5357,0,-1
5358,5358,0,6
5359,5359,0,10
5360,5360,0,3
5361,5361,0,10
5362,5362,0,2
5363,5363,0,13
5364,5364,0,7
5365,5365,0,1
5366,5366,0,1
5367,5367,0,2
5368,5368,0,4
5369,5369,0,-3
5370,5370,0,0
5371,5371,0,-4
5372,5372,0,0
5373,5373,0,-4
5374,5374,0,-2
5375,5375,0,4
5376,5376,0,-2
5377,5377,0,-1
5378,5378,0,1
5379,5379,0,-2
5380,5380,0,-8
5381,5381,0,-1
5382,5382,0,12
5383,5383,0,9
5384,5384,0,-2
5385,5385,0,5
5386,5386,0,4
5387,5387,0,0
5388,5388,0,11
5389,5389,0,9
5390,5390,0,6
5391,5391,0,10
5392,5392,0,7
5393,5393,0,11
5394,5394,0,9
5395,5395,0,17
5396,5396,0,17
5397,5397,0,12
5398,5398,0,15
5399,5399,0,24
5400,5400,0,20
5401,5401,0,6
5402,5402,0,8
5403,5403,0,10
5404,5404,0,15
5405,5405,0,20
5406,5406,0,14
5407,5407,0,12
5408,5408,0,12
5409,5409,0,12
5410,5410,0,14
5411,5411,0,21
5412,5412,0,16
5413,5413,0,22
5414,5414,0,17
5415,5415,0,19
5416,5416,0,20
5417,5417,0,22
5418,5418,0,11
5419,5419,0,14
5420,5420,0,12
5421,5421,0,8
5422,5422,0,3
5423,5423,0,10
5424,5424,0,14
5425,5425,0,13
5426,5426,0,20
5427,5427,0,36
5428,5428,0,20
5429,5429,0,15
5430,5430,0,14
5431,5431,0,19
5432,5432,0,-11
5433,5433,0,7
5434,5434,0,17
5435,5435,0,26
5436,5436,0,33
5437,5437,0,21
5438,5438,0,34
5439,5439,0,25
5440,5440,0,12
5441,5441,0,25
5442,5442,0,16
5443,5443,0,19
5444,5444,0,13
5445,5445,0,17
5446,5446,0,32
5447,5447,0,9
5448,5448,0,21
5449,5449,0,18
5450,5450,0,18
5451,5451,0,15
5452,5452,0,13
5453,5453,0,19
5454,5454,0,27
5455,5455,0,33
5456,5456,0,28
5457,5457,0,17
5458,5458,0,29
5459,5459,0,8
5460,5460,0,14
5461,5461,0,19
5462,5462,0,4
5463,5463,0,16
5464,5464,0,18
5465,5465,0,26
5466,5466,0,33
5467,5467,0,18
5468,5468,0,20
5469,5469,0,24
5470,5470,0,17
5471,5471,0,9
5472,5472,0,8
5473,5473,0,21
5474,5474,0,28
5475,5475,0,8
5476,5476,0,17
5477,5477,0,7
5478,5478,0,15
5479,5479,0,5
5480,5480,0,3
5481,5481,0,13
5482,5482,0,9
5483,5483,0,2
5484,5484,0,7
5485,5485,0,18
5486,5486,0,8
5487,5487,0,19
5488,5488,0,18
5489,5489,0,11
5490,5490,0,4
5491,5491,0,10
5492,5492,0,17
5493,5493,0,16
5494,5494,0,11
5495,5495,0,4
5496,5496,0,10
5497,5497,0,20
5498,5498,0,-3
5499,5499,0,6
5500,5500,0,20
5501,5501,0,-3
5502,5502,0,8
5503,5503,0,24
5504,5504,0,10
5505,5505,0,8
5506,5506,0,6
5507,5507,0,4
5508,5508,0,-7
5509,5509,0,10
5510,5510,0,11
5511,5511,0,-1
5512,5512,0,10
5513,5513,0,7
5514,5514,0,2
5515,5515,0,-4
5516,5516,0,-9
5517,5517,0,3
5518,5518,0,10
5519,5519,0,2
5520,5520,0,3
5521,5521,0,1
5522,5522,0,3
5523,5523,0,5
5524,5524,0,1
5525,5525,0,0
5526,5526,0,-3
5527,5527,0,7
5528,5528,0,3
5529,5529,0,5
5530,5530,0,9
5531,5531,0,-9
5532,5532,0,2
5533,5533,0,-1
5534,5534,0,23
5535,5535,0,13
5536,5536,0,1
5537,5537,0,9
5538,5538,0,-8
5539,5539,0,-5
5540,5540,0,8
5541,5541,0,11
5542,5542,0,15
5543,5543,0,9
5544,5544,0,0
5545,5545,0,-2
5546,5546,0,6
5547,5547,0,-2
5548,5548,0,0
5549,5549,0,2
5550,5550,0,10
5551,5551,0,0
5552,5552,0,15
5553,5553,0,-4
5554,5554,0,15
5555,5555,0,9
5556,5556,0,9
5557,5557,0,4
5558,5558,0,14
5559,5559,0,10
5560,5560,0,11
5561,5561,0,5
5562,5562,0,9
5563,5563,0,7
5564,5564,0,10
5565,5565,0,15
5566,5566,0,6
5567,5567,0,-6
5568,5568,0,2
5569,5569,0,7
5570,5570,0,23
5571,5571,0,13
5572,5572,0,7
5573,5573,0,11
5574,5574,0,0
5575,5575,0,12
5576,5576,0,6
5577,5577,0,5
5578,5578,0,7
5579,5579,0,13
5580,5580,0,7
5581,5581,0,-5
5582,5582,0,-4
5583,5583,0,2
5584,5584,0,3
5585,5585,0,8
5586,5586,0,7
5587,5587,0,10
5588,5588,0,14
5589,5589,0,17
5590,5590,0,8
5591,5591,0,11
5592,5592,0,24
5593,5593,0,18
5594,5594,0,13
5595,5595,0,21
5596,5596,0,29
5597,5597,0,18
5598,5598,0,20
5599,5599,0,25
5600,5600,0,31
5601,5601,0,19
5602,5602,0,18
5603,5603,0,23
5604,5604,0,20
5605,5605,0,21
5606,5606,0,12
5607,5607,0,19
5608,5608,0,26
5609,5609,0,24
5610,5610,0,27
5611,5611,0,11
5612,5612,0,18
5613,5613,0,19
5614,5614,0,13
5615,5615,0,23
5616,5616,0,12
5617,5617,0,-1
5618,5618,0,9
5619,5619,0,21
5620,5620,0,18
5621,5621,0,17
5622,5622,0,7
5623,5623,0,19
5624,5624,0,17
5625,5625,0,23
5626,5626,0,8
5627,5627,0,18
5628,5628,0,30
5629,5629,0,19
5630,5630,0,22
5631,5631,0,13
5632,5632,0,14
5633,5633,0,23
5634,5634,0,2
5635,5635,0,12
5636,5636,0,14
5637,5637,0,19
5638,5638,0,17
5639,5639,0,10
5640,5640,0,11
5641,5641,0,8
5642,5642,0,-1
5643,5643,0,12
5644,5644,0,9
5645,5645,0,7
5646,5646,0,26
5647,5647,0,18
5648,5648,0,9
5649,5649,0,8
5650,5650,0,12
5651,5651,0,18
5652,5652,0,16
5653,5653,0,12
5654,5654,0,13
5655,5655,0,-2
5656,5656,0,5
5657,5657,0,-4
5658,5658,0,9
5659,5659,0,1
5660,5660,0,3
5661,5661,0,11
5662,5662,0,18
5663,5663,0,9
5664,5664,0,14
5665,5665,0,6
5666,5666,0,18
5667,5667,0,9
5668,5668,0,13
5669,5669,0,17
5670,5670,0,18
5671,5671,0,7
5672,5672,0,8
5673,5673,0,1
5674,5674,0,9
5675,5675,0,8
5676,5676,0,3
5677,5677,0,5
5678,5678,0,6
5679,5679,0,-1
5680,5680,0,14
5681,5681,0,14
5682,5682,0,4
5683,5683,0,5
5684,5684,0,-2
5685,5685,0,-5
5686,5686,0,-2
5687,5687,0,-9
5688,5688,0,0
5689,5689,0,-5
5690,5690,0,6
5691,5691,0,-1
5692,5692,0,-2
5693,5693,0,2
5694,5694,0,-3
5695,5695,0,9
5696,5696,0,3
5697,5697,0,9
5698,5698,0,17
5699,5699,0,17
5700,5700,0,3
5701,5701,0,2
5702,5702,0,-2
5703,5703,0,3
5704,5704,0,10
5705,5705,0,-1
5706,5706,0,-15
5707,5707,0,-3
5708,5708,0,0
5709,5709,0,9
5710,5710,0,0
5711,5711,0,1
5712,5712,0,-1
5713,5713,0,9
5714,5714,0,13
5715,5715,0,13
5716,5716,0,9
5717,5717,0,10
5718,5718,0,13
5719,5719,0,25
5720,5720,0,25
5721,5721,0,20
5722,5722,0,32
5723,5723,0,21
5724,5724,0,11
5725,5725,0,12
5726,5726,0,16
5727,5727,0,15
5728,5728,0,13
5729,5729,0,4
5730,5730,0,10
5731,5731,0,13
5732,5732,0,11
5733,5733,0,0
5734,5734,0,11
5735,5735,0,20
5736,5736,0,8
5737,5737,0,14
5738,5738,0,3
5739,5739,0,10
5740,5740,0,10
5741,5741,0,6
5742,5742,0,22
5743,5743,0,28
5744,5744,0,16
5745,5745,0,16
5746,5746,0,13
5747,5747,0,12
5748,5748,0,10
5749,5749,0,28
5750,5750,0,12
5751,5751,0,20
5752,5752,0,18
5753,5753,0,32
5754,5754,0,17
5755,5755,0,30
5756,5756,0,25
5757,5757,0,21
5758,5758,0,22
5759,5759,0,20
5760,5760,0,17
5761,5761,0,29
5762,5762,0,22
5763,5763,0,12
5764,5764,0,22
5765,5765,0,21
5766,5766,0,19
5767,5767,0,15
5768,5768,0,16
5769,5769,0,12
5770,5770,0,18
5771,5771,0,20
5772,5772,0,11
5773,5773,0,10
5774,5774,0,29
5775,5775,0,20
5776,5776,0,18
5777,5777,0,9
5778,5778,0,12
5779,5779,0,17
5780,5780,0,25
5781,5781,0,9
5782,5782,0,9
5783,5783,0,11
5784,5784,0,17
5785,5785,0,17
5786,5786,0,12
5787,5787,0,16
5788,5788,0,17
5789,5789,0,13
5790,5790,0,24
5791,5791,0,24
5792,5792,0,16
5793,5793,0,20
5794,5794,0,6
5795,5795,0,7
5796,5796,0,22
5797,5797,0,5
5798,5798,0,4
5799,5799,0,4
5800,5800,0,6
5801,5801,0,14
5802,5802,0,0
5803,5803,0,10
5804,5804,0,15
5805,5805,0,11
5806,5806,0,13
5807,5807,0,-3
5808,5808,0,9
5809,5809,0,10
5810,5810,0,20
5811,5811,0,4
5812,5812,0,14
5813,5813,0,9
5814,5814,0,12
5815,5815,0,6
5816,5816,0,6
5817,5817,0,16
5818,5818,0,11
5819,5819,0,12
5820,5820,0,8
5821,5821,0,17
5822,5822,0,1
5823,5823,0,8
5824,5824,0,12
5825,5825,0,4
5826,5826,0,-3
5827,5827,0,3
5828,5828,0,16
5829,5829,0,6
5830,5830,0,-4
5831,5831,0,2
5832,5832,0,3
5833,5833,0,10
5834,5834,0,25
5835,5835,0,1
5836,5836,0,-7
5837,5837,0,7
5838,5838,0,5
5839,5839,0,16
5840,5840,0,-2
5841,5841,0,2
5842,5842,0,9
5843,5843,0,6
5844,5844,0,10
5845,5845,0,10
5846,5846,0,11
5847,5847,0,3
5848,5848,0,9
5849,5849,0,6
5850,5850,0,-1
5851,5851,0,8
5852,5852,0,12
5853,5853,0,10
5854,5854,0,8
5855,5855,0,4
5856,5856,0,-2
5857,5857,0,13
5858,5858,0,6
5859,5859,0,12
5860,5860,0,1
5861,5861,0,13
5862,5862,0,-3
5863,5863,0,1
5864,5864,0,-2
5865,5865,0,2
5866,5866,0,-5
5867,5867,0,1
5868,5868,0,3
5869,5869,0,6
5870,5870,0,9
5871,5871,0,13
5872,5872,0,11
5873,5873,0,1
5874,5874,0,4
5875,5875,0,9
5876,5876,0,5
5877,5877,0,23
5878,5878,0,15
5879,5879,0,12
5880,5880,0,13
5881,5881,0,11
5882,5882,0,6
5883,5883,0,16
5884,5884,0,2
5885,5885,0,20
5886,5886,0,7
5887,5887,0,12
5888,5888,0,-1
5889,5889,0,11
5890,5890,0,22
5891,5891,0,11
5892,5892,0,13
5893,5893,0,15
5894,5894,0,9
5895,5895,0,11
5896,5896,0,10
5897,5897,0,7
5898,5898,0,5
5899,5899,0,4
5900,5900,0,2
5901,5901,0,16
5902,5902,0,28
5903,5903,0,16
5904,5904,0,23
5905,5905,0,17
5906,5906,0,22
5907,5907,0,26
5908,5908,0,16
5909,5909,0,26
5910,5910,0,25
5911,5911,0,7
5912,5912,0,7
5913,5913,0,21
5914,5914,0,12
5915,5915,0,22
5916,5916,0,23
5917,5917,0,13
5918,5918,0,25
5919,5919,0,18
5920,5920,0,18
5921,5921,0,16
5922,5922,0,19
5923,5923,0,33
5924,5924,0,23
5925,5925,0,13
5926,5926,0,26
5927,5927,0,24
5928,5928,0,18
5929,5929,0,19
5930,5930,0,9
5931,5931,0,30
5932,5932,0,28
5933,5933,0,13
5934,5934,0,17
5935,5935,0,3
5936,5936,0,20
5937,5937,0,29
5938,5938,0,31
5939,5939,0,13
5940,5940,0,12
5941,5941,0,24
5942,5942,0,16
5943,5943,0,32
5944,5944,0,19
5945,5945,0,7
5946,5946,0,11
5947,5947,0,9
5948,5948,0,15
5949,5949,0,13
5950,5950,0,14
5951,5951,0,14
5952,5952,0,14
5953,5953,0,4
5954,5954,0,-1
5955,5955,0,15
5956,5956,0,20
5957,5957,0,21
5958,5958,0,9
5959,5959,0,10
5960,5960,0,18
5961,5961,0,19
5962,5962,0,14
5963,5963,0,14
5964,5964,0,13
5965,5965,0,15
5966,5966,0,11
5967,5967,0,21
5968,5968,0,8
5969,5969,0,5
5970,5970,0,6
5971,5971,0,4
5972,5972,0,8
5973,5973,0,1
5974,5974,0,16
5975,5975,0,0
5976,5976,0,-1
5977,5977,0,5
5978,5978,0,-1
5979,5979,0,11
5980,5980,0,7
5981,5981,0,12
5982,5982,0,2
5983,5983,0,16
5984,5984,0,4
5985,5985,0,9
5986,5986,0,7
5987,5987,0,6
5988,5988,0,-6
5989,5989,0,-1
5990,5990,0,6
5991,5991,0,4
5992,5992,0,13
5993,5993,0,-10
5994,5994,0,0
5995,5995,0,2
5996,5996,0,12
5997,5997,0,11
5998,5998,0,3
5999,5999,0,4
6000,6000,0,8
6001,6001,0,1
6002,6002,0,1
6003,6003,0,0
6004,6004,0,4
6005,6005,0,7
6006,6006,0,-4
6007,6007,0,-6
6008,6008,0,11
6009,6009,0,8
6010,6010,0,9
6011,6011,0,6
6012,6012,0,1
6013,6013,0,-4
6014,6014,0,-1
6015,6015,0,8
6016,6016,0,3
6017,6017,0,-2
6018,6018,0,6
6019,6019,0,2
6020,6020,0,15
6021,6021,0,17
6022,6022,0,14
6023,6023,0,0
6024,6024,0,1
6025,6025,0,1
6026,6026,0,2
6027,6027,0,7
6028,6028,0,3
6029,6029,0,15
6030,6030,0,8
6031,6031,0,-5
6032,6032,0,5
6033,6033,0,11
6034,6034,0,10
6035,6035,0,19
6036,6036,0,12
6037,6037,0,16
6038,6038,0,8
6039,6039,0,17
6040,6040,0,13
6041,6041,0,4
6042,6042,0,5
6043,6043,0,15
6044,6044,0,6
6045,6045,0,4
6046,6046,0,10
6047,6047,0,14
6048,6048,0,-2
6049,6049,0,5
6050,6050,0,2
6051,6051,0,8
6052,6052,0,15
6053,6053,0,7
6054,6054,0,16
6055,6055,0,1
6056,6056,0,20
6057,6057,0,19
6058,6058,0,18
6059,6059,0,25
6060,6060,0,28
6061,6061,0,24
6062,6062,0,20
6063,6063,0,19
6064,6064,0,17
6065,6065,0,20
6066,6066,0,20
6067,6067,0,8
6068,6068,0,24
6069,6069,0,24
6070,6070,0,20
6071,6071,0,21
6072,6072,0,16
6073,6073,0,17
6074,6074,0,18
6075,6075,0,24
6076,6076,0,19
6077,6077,0,13
6078,6078,0,13
6079,6079,0,24
6080,6080,0,23
6081,6081,0,3
6082,6082,0,11
6083,6083,0,23
6084,6084,0,21
6085,6085,0,29
6086,6086,0,26
6087,6087,0,21
6088,6088,0,30
6089,6089,0,25
6090,6090,0,23
6091,6091,0,27
6092,6092,0,17
6093,6093,0,18
6094,6094,0,19
6095,6095,0,12
6096,6096,0,21
6097,6097,0,19
6098,6098,0,17
6099,6099,0,6
6100,6100,0,13
6101,6101,0,14
6102,6102,0,2
6103,6103,0,15
6104,6104,0,11
6105,6105,0,20
6106,6106,0,15
6107,6107,0,16
6108,6108,0,18
6109,6109,0,5
6110,6110,0,25
6111,6111,0,17
6112,6112,0,6
6113,6113,0,8
6114,6114,0,11
6115,6115,0,17
6116,6116,0,19
6117,6117,0,15
6118,6118,0,18
6119,6119,0,14
6120,6120,0,14
6121,6121,0,15
6122,6122,0,17
6123,6123,0,13
6124,6124,0,8
6125,6125,0,18
6126,6126,0,7
6127,6127,0,12
6128,6128,0,-1
6129,6129,0,4
6130,6130,0,5
6131,6131,0,12
6132,6132,0,6
6133,6133,0,10
6134,6134,0,15
6135,6135,0,-5
6136,6136,0,15
6137,6137,0,13
6138,6138,0,0
6139,6139,0,18
6140,6140,0,16
6141,6141,0,21
6142,6142,0,23
6143,6143,0,12
6144,6144,0,10
6145,6145,0,2
6146,6146,0,3
6147,6147,0,8
6148,6148,0,9
6149,6149,0,6
6150,6150,0,6
6151,6151,0,14
6152,6152,0,14
6153,6153,0,6
6154,6154,0,-1
6155,6155,0,7
6156,6156,0,18
6157,6157,0,11
6158,6158,0,11
6159,6159,0,13
6160,6160,0,7
6161,6161,0,0
6162,6162,0,10
6163,6163,0,2
6164,6164,0,8
6165,6165,0,10
6166,6166,0,4
6167,6167,0,3
6168,6168,0,10
6169,6169,0,12
6170,6170,0,5
6171,6171,0,10
6172,6172,0,9
6173,6173,0,2
6174,6174,0,-9
6175,6175,0,-9
6176,6176,0,4
6177,6177,0,5
6178,6178,0,11
6179,6179,0,4
6180,6180,0,10
6181,6181,0,1
6182,6182,0,6
6183,6183,0,9
6184,6184,0,-3
6185,6185,0,0
6186,6186,0,4
6187,6187,0,11
6188,6188,0,2
6189,6189,0,3
6190,6190,0,1
6191,6191,0,-3
6192,6192,0,5
6193,6193,0,9
6194,6194,0,12
6195,6195,0,13
6196,6196,0,8
6197,6197,0,6
6198,6198,0,12
6199,6199,0,11
6200,6200,0,13
6201,6201,0,6
6202,6202,0,1
6203,6203,0,9
6204,6204,0,-2
6205,6205,0,17
6206,6206,0,-3
6207,6207,0,3
6208,6208,0,-1
6209,6209,0,14
6210,6210,0,5
6211,6211,0,18
6212,6212,0,8
6213,6213,0,13
6214,6214,0,7
6215,6215,0,2
6216,6216,0,9
6217,6217,0,11
6218,6218,0,5
6219,6219,0,13
6220,6220,0,18
6221,6221,0,13
6222,6222,0,18
6223,6223,0,20
6224,6224,0,23
6225,6225,0,30
6226,6226,0,7
6227,6227,0,12
6228,6228,0,2
6229,6229,0,12
6230,6230,0,24
6231,6231,0,5
6232,6232,0,15
6233,6233,0,11
6234,6234,0,8
6235,6235,0,21
6236,6236,0,26
6237,6237,0,12
6238,6238,0,12
6239,6239,0,8
6240,6240,0,16
6241,6241,0,26
6242,6242,0,19
6243,6243,0,17
6244,6244,0,7
6245,6245,0,15
6246,6246,0,19
6247,6247,0,17
6248,6248,0,22
6249,6249,0,8
6250,6250,0,16
6251,6251,0,22
6252,6252,0,14
6253,6253,0,21
6254,6254,0,10
6255,6255,0,21
6256,6256,0,14
6257,6257,0,24
6258,6258,0,18
6259,6259,0,17
6260,6260,0,14
6261,6261,0,12
6262,6262,0,19
6263,6263,0,24
6264,6264,0,9
6265,6265,0,21
6266,6266,0,17
6267,6267,0,18
6268,6268,0,17
6269,6269,0,21
6270,6270,0,17
6271,6271,0,18
6272,6272,0,17
6273,6273,0,16
6274,6274,0,5
6275,6275,0,-1
6276,6276,0,13
6277,6277,0,15
6278,6278,0,13
6279,6279,0,5
6280,6280,0,10
6281,6281,0,4
6282,6282,0,4
6283,6283,0,5
6284,6284,0,18
6285,6285,0,4
6286,6286,0,14
6287,6287,0,19
6288,6288,0,18
6289,6289,0,24
6290,6290,0,11
6291,6291,0,22
6292,6292,0,28
6293,6293,0,34
6294,6294,0,18
6295,6295,0,4
6296,6296,0,18
6297,6297,0,11
6298,6298,0,12
6299,6299,0,12
6300,6300,0,6
6301,6301,0,7
6302,6302,0,-2
6303,6303,0,5
6304,6304,0,8
6305,6305,0,22
6306,6306,0,8
6307,6307,0,12
6308,6308,0,13
6309,6309,0,1
6310,6310,0,12
6311,6311,0,7
6312,6312,0,1
6313,6313,0,-3
6314,6314,0,9
6315,6315,0,10
6316,6316,0,3
6317,6317,0,-5
6318,6318,0,11
6319,6319,0,13
6320,6320,0,8
6321,6321,0,17
6322,6322,0,17
6323,6323,0,12
6324,6324,0,7
6325,6325,0,5
6326,6326,0,10
6327,6327,0,3
6328,6328,0,2
6329,6329,0,5
6330,6330,0,-1
6331,6331,0,-2
6332,6332,0,12
6333,6333,0,-2
6334,6334,0,-5
6335,6335,0,6
6336,6336,0,-5
6337,6337,0,0
6338,6338,0,5
6339,6339,0,6
6340,6340,0,10
6341,6341,0,3
6342,6342,0,1
6343,6343,0,5
6344,6344,0,3
6345,6345,0,6
6346,6346,0,2
6347,6347,0,3
6348,6348,0,9
6349,6349,0,7
6350,6350,0,0
6351,6351,0,11
6352,6352,0,29
6353,6353,0,15
6354,6354,0,5
6355,6355,0,8
6356,6356,0,8
6357,6357,0,13
6358,6358,0,-4
6359,6359,0,5
6360,6360,0,18
6361,6361,0,-2
6362,6362,0,10
6363,6363,0,24
6364,6364,0,10
6365,6365,0,7
6366,6366,0,8
6367,6367,0,10
6368,6368,0,16
6369,6369,0,19
6370,6370,0,13
6371,6371,0,17
6372,6372,0,16
6373,6373,0,6
6374,6374,0,14
6375,6375,0,2
6376,6376,0,9
6377,6377,0,21
6378,6378,0,25
6379,6379,0,13
6380,6380,0,13
6381,6381,0,8
6382,6382,0,19
6383,6383,0,18
6384,6384,0,12
6385,6385,0,27
6386,6386,0,19
6387,6387,0,25
6388,6388,0,14
6389,6389,0,19
6390,6390,0,23
6391,6391,0,20
6392,6392,0,4
6393,6393,0,18
6394,6394,0,21
6395,6395,0,21
6396,6396,0,13
6397,6397,0,11
6398,6398,0,21
6399,6399,0,14
6400,6400,0,25
6401,6401,0,13
6402,6402,0,20
6403,6403,0,25
6404,6404,0,17
6405,6405,0,13
6406,6406,0,23
6407,6407,0,12
6408,6408,0,17
6409,6409,0,13
6410,6410,0,16
6411,6411,0,16
6412,6412,0,25
6413,6413,0,21
6414,6414,0,17
6415,6415,0,27
6416,6416,0,17
6417,6417,0,23
6418,6418,0,16
6419,6419,0,10
6420,6420,0,8
6421,6421,0,14
6422,6422,0,9
6423,6423,0,21
6424,6424,0,14
6425,6425,0,6
6426,6426,0,14
6427,6427,0,14
6428,6428,0,25
6429,6429,0,21
6430,6430,0,22
6431,6431,0,15
6432,6432,0,22
6433,6433,0,16
6434,6434,0,31
6435,6435,0,20
6436,6436,0,16
6437,6437,0,22
6438,6438,0,22
6439,6439,0,21
6440,6440,0,15
6441,6441,0,11
6442,6442,0,2
6443,6443,0,8
6444,6444,0,6
6445,6445,0,9
6446,6446,0,10
6447,6447,0,13
6448,6448,0,13
6449,6449,0,20
6450,6450,0,25
6451,6451,0,18
6452,6452,0,8
6453,6453,0,15
6454,6454,0,8
6455,6455,0,21
6456,6456,0,6
6457,6457,0,0
6458,6458,0,4
6459,6459,0,-1
6460,6460,0,4
6461,6461,0,2
6462,6462,0,5
6463,6463,0,3
6464,6464,0,9
6465,6465,0,3
6466,6466,0,5
6467,6467,0,7
6468,6468,0,16
6469,6469,0,11
6470,6470,0,16
6471,6471,0,6
6472,6472,0,10
6473,6473,0,17
6474,6474,0,7
6475,6475,0,1
6476,6476,0,6
6477,6477,0,0
6478,6478,0,20
6479,6479,0,11
6480,6480,0,7
6481,6481,0,15
6482,6482,0,11
6483,6483,0,4
6484,6484,0,-1
6485,6485,0,10
6486,6486,0,13
6487,6487,0,11
6488,6488,0,11
6489,6489,0,13
6490,6490,0,3
6491,6491,0,3
6492,6492,0,13
6493,6493,0,2
6494,6494,0,0
6495,6495,0,-2
6496,6496,0,-3
6497,6497,0,4
6498,6498,0,10
6499,6499,0,7
6500,6500,0,-6
6501,6501,0,4
6502,6502,0,3
6503,6503,0,0
6504,6504,0,10
6505,6505,0,9
6506,6506,0,9
6507,6507,0,13
6508,6508,0,10
6509,6509,0,-3
6510,6510,0,7
6511,6511,0,6
6512,6512,0,6
6513,6513,0,13
6514,6514,0,24
6515,6515,0,28
6516,6516,0,18
6517,6517,0,12
6518,6518,0,18
6519,6519,0,-4
6520,6520,0,-3
6521,6521,0,8
6522,6522,0,-1
6523,6523,0,9
6524,6524,0,3
6525,6525,0,1
6526,6526,0,-6
6527,6527,0,11
6528,6528,0,12
6529,6529,0,15
6530,6530,0,4
6531,6531,0,14
6532,6532,0,5
6533,6533,0,28
6534,6534,0,24
6535,6535,0,27
6536,6536,0,16
6537,6537,0,9
6538,6538,0,12
6539,6539,0,16
6540,6540,0,26
6541,6541,0,16
6542,6542,0,15
6543,6543,0,13
6544,6544,0,26
6545,6545,0,23
6546,6546,0,15
6547,6547,0,27
6548,6548,0,22
6549,6549,0,20
6550,6550,0,26
6551,6551,0,21
6552,6552,0,18
6553,6553,0,14
6554,6554,0,17
6555,6555,0,12
6556,6556,0,20
6557,6557,0,33
6558,6558,0,28
6559,6559,0,11
6560,6560,0,19
6561,6561,0,33
6562,6562,0,26
6563,6563,0,27
6564,6564,0,21
6565,6565,0,30
6566,6566,0,27
6567,6567,0,21
6568,6568,0,13
6569,6569,0,18
6570,6570,0,21
6571,6571,0,12
6572,6572,0,12
6573,6573,0,15
6574,6574,0,20
6575,6575,0,14
6576,6576,0,24
6577,6577,0,13
6578,6578,0,20
6579,6579,0,2
6580,6580,0,16
6581,6581,0,21
6582,6582,0,11
6583,6583,0,10
6584,6584,0,14
6585,6585,0,9
6586,6586,0,13
6587,6587,0,11
6588,6588,0,11
6589,6589,0,16
6590,6590,0,14
6591,6591,0,17
6592,6592,0,21
6593,6593,0,7
6594,6594,0,15
6595,6595,0,16
6596,6596,0,19
6597,6597,0,8
6598,6598,0,18
6599,6599,0,11
6600,6600,0,18
6601,6601,0,12
6602,6602,0,14
6603,6603,0,9
6604,6604,0,16
6605,6605,0,13
6606,6606,0,1
6607,6607,0,13
6608,6608,0,12
6609,6609,0,20
6610,6610,0,18
6611,6611,0,4
6612,6612,0,6
6613,6613,0,10
6614,6614,0,7
6615,6615,0,4
6616,6616,0,-1
6617,6617,0,8
6618,6618,0,8
6619,6619,0,0
6620,6620,0,12
6621,6621,0,19
6622,6622,0,5
6623,6623,0,17
6624,6624,0,5
6625,6625,0,5
6626,6626,0,6
6627,6627,0,2
6628,6628,0,2
6629,6629,0,15
6630,6630,0,9
6631,6631,0,-2
6632,6632,0,6
6633,6633,0,6
6634,6634,0,2
6635,6635,0,7
6636,6636,0,12
6637,6637,0,-2
6638,6638,0,0
6639,6639,0,11
6640,6640,0,12
6641,6641,0,9
6642,6642,0,-4
6643,6643,0,1
6644,6644,0,-7
6645,6645,0,9
6646,6646,0,10
6647,6647,0,9
6648,6648,0,12
6649,6649,0,3
6650,6650,0,7
6651,6651,0,-4
6652,6652,0,10
6653,6653,0,4
6654,6654,0,3
6655,6655,0,-10
6656,6656,0,-1
6657,6657,0,-3
6658,6658,0,-7
6659,6659,0,-2
6660,6660,0,8
6661,6661,0,-8
6662,6662,0,-4
6663,6663,0,-3
6664,6664,0,-3
6665,6665,0,3
6666,6666,0,-1
6667,6667,0,1
6668,6668,0,2
6669,6669,0,4
6670,6670,0,-9
6671,6671,0,1
6672,6672,0,8
6673,6673,0,3
6674,6674,0,7
6675,6675,0,8
6676,6676,0,7
6677,6677,0,3
6678,6678,0,5
6679,6679,0,4
6680,6680,0,-7
6681,6681,0,7
6682,6682,0,-2
6683,6683,0,4
6684,6684,0,11
6685,6685,0,19
6686,6686,0,18
6687,6687,0,12
6688,6688,0,22
6689,6689,0,10
6690,6690,0,5
6691,6691,0,13
6692,6692,0,-2
6693,6693,0,-2
6694,6694,0,20
6695,6695,0,9
6696,6696,0,20
6697,6697,0,20
6698,6698,0,19
6699,6699,0,26
6700,6700,0,21
6701,6701,0,22
6702,6702,0,16
6703,6703,0,29
6704,6704,0,26
6705,6705,0,14
6706,6706,0,16
6707,6707,0,14
6708,6708,0,12
6709,6709,0,20
6710,6710,0,23
6711,6711,0,19
6712,6712,0,24
6713,6713,0,13
6714,6714,0,10
6715,6715,0,21
6716,6716,0,14
6717,6717,0,19
6718,6718,0,24
6719,6719,0,18
6720,6720,0,11
6721,6721,0,10
6722,6722,0,17
6723,6723,0,14
6724,6724,0,17
6725,6725,0,17
6726,6726,0,21
6727,6727,0,15
6728,6728,0,9
6729,6729,0,15
6730,6730,0,23
6731,6731,0,21
6732,6732,0,14
6733,6733,0,9
6734,6734,0,13
6735,6735,0,18
6736,6736,0,11
6737,6737,0,10
6738,6738,0,24
6739,6739,0,21
6740,6740,0,18
6741,6741,0,17
6742,6742,0,14
6743,6743,0,12
6744,6744,0,23
6745,6745,0,21
6746,6746,0,20
6747,6747,0,28
6748,6748,0,19
6749,6749,0,12
6750,6750,0,21
6751,6751,0,9
6752,6752,0,21
6753,6753,0,16
6754,6754,0,18
6755,6755,0,25
6756,6756,0,16
6757,6757,0,9
6758,6758,0,12
6759,6759,0,34
6760,6760,0,12
6761,6761,0,10
6762,6762,0,22
6763,6763,0,14
6764,6764,0,12
6765,6765,0,10
6766,6766,0,8
6767,6767,0,-7
6768,6768,0,6
6769,6769,0,11
6770,6770,0,10
6771,6771,0,12
6772,6772,0,6
6773,6773,0,19
6774,6774,0,12
6775,6775,0,4
6776,6776,0,-3
6777,6777,0,6
6778,6778,0,25
6779,6779,0,17
6780,6780,0,13
6781,6781,0,4
6782,6782,0,8
6783,6783,0,1
6784,6784,0,8
6785,6785,0,16
6786,6786,0,16
6787,6787,0,4
6788,6788,0,-3
6789,6789,0,-1
6790,6790,0,14
6791,6791,0,19
6792,6792,0,14
6793,6793,0,4
6794,6794,0,2
6795,6795,0,16
6796,6796,0,10
6797,6797,0,5
6798,6798,0,6
6799,6799,0,8
6800,6800,0,12
6801,6801,0,13
6802,6802,0,15
6803,6803,0,5
6804,6804,0,8
6805,6805,0,9
6806,6806,0,3
6807,6807,0,-1
6808,6808,0,7
6809,6809,0,7
6810,6810,0,7
6811,6811,0,0
6812,6812,0,5
6813,6813,0,1
6814,6814,0,-3
6815,6815,0,7
6816,6816,0,-4
6817,6817,0,2
6818,6818,0,1
6819,6819,0,8
6820,6820,0,0
6821,6821,0,16
6822,6822,0,5
6823,6823,0,2
6824,6824,0,4
6825,6825,0,5
6826,6826,0,3
6827,6827,0,3
6828,6828,0,5
6829,6829,0,1
6830,6830,0,11
6831,6831,0,11
6832,6832,0,12
6833,6833,0,12
6834,6834,0,1
6835,6835,0,4
6836,6836,0,9
6837,6837,0,11
6838,6838,0,13
6839,6839,0,15
6840,6840,0,13
6841,6841,0,9
6842,6842,0,15
6843,6843,0,13
6844,6844,0,19
6845,6845,0,18
6846,6846,0,11
6847,6847,0,13
6848,6848,0,15
6849,6849,0,14
6850,6850,0,16
6851,6851,0,10
6852,6852,0,6
6853,6853,0,15
6854,6854,0,11
6855,6855,0,10
6856,6856,0,22
6857,6857,0,23
6858,6858,0,10
6859,6859,0,16
6860,6860,0,13
6861,6861,0,13
6862,6862,0,20
6863,6863,0,18
6864,6864,0,9
6865,6865,0,14
6866,6866,0,16
6867,6867,0,27
6868,6868,0,28
6869,6869,0,13
6870,6870,0,9
6871,6871,0,13
6872,6872,0,26
6873,6873,0,27
6874,6874,0,11
6875,6875,0,16
6876,6876,0,6
6877,6877,0,12
6878,6878,0,13
6879,6879,0,21
6880,6880,0,29
6881,6881,0,23
6882,6882,0,24
6883,6883,0,29
6884,6884,0,19
6885,6885,0,25
6886,6886,0,20
6887,6887,0,23
6888,6888,0,26
6889,6889,0,23
6890,6890,0,21
6891,6891,0,17
6892,6892,0,15
6893,6893,0,8
6894,6894,0,18
6895,6895,0,8
6896,6896,0,13
6897,6897,0,6
6898,6898,0,22
6899,6899,0,18
6900,6900,0,19
6901,6901,0,22
6902,6902,0,22
6903,6903,0,21
6904,6904,0,21
6905,6905,0,31
6906,6906,0,26
6907,6907,0,17
6908,6908,0,18
6909,6909,0,15
6910,6910,0,6
6911,6911,0,11
6912,6912,0,28
6913,6913,0,24
6914,6914,0,7
6915,6915,0,17
6916,6916,0,13
6917,6917,0,13
6918,6918,0,9
6919,6919,0,9
6920,6920,0,14
6921,6921,0,15
6922,6922,0,20
6923,6923,0,13
6924,6924,0,14
6925,6925,0,16
6926,6926,0,14
6927,6927,0,9
6928,6928,0,14
6929,6929,0,3
6930,6930,0,-9
6931,6931,0,8
6932,6932,0,3
6933,6933,0,18
6934,6934,0,3
6935,6935,0,18
6936,6936,0,21
6937,6937,0,9
6938,6938,0,16
6939,6939,0,10
6940,6940,0,12
6941,6941,0,19
6942,6942,0,19
6943,6943,0,-4
6944,6944,0,2
6945,6945,0,3
6946,6946,0,19
6947,6947,0,7
6948,6948,0,6
6949,6949,0,2
6950,6950,0,4
6951,6951,0,4
6952,6952,0,3
6953,6953,0,17
6954,6954,0,-2
6955,6955,0,4
6956,6956,0,-6
6957,6957,0,4
6958,6958,0,14
6959,6959,0,17
6960,6960,0,14
6961,6961,0,8
6962,6962,0,10
6963,6963,0,-4
6964,6964,0,12
6965,6965,0,9
6966,6966,0,13
6967,6967,0,9
6968,6968,0,-6
6969,6969,0,4
6970,6970,0,5
6971,6971,0,19
6972,6972,0,6
6973,6973,0,11
6974,6974,0,5
6975,6975,0,1
6976,6976,0,2
6977,6977,0,8
6978,6978,0,5
6979,6979,0,-3
6980,6980,0,-3
6981,6981,0,10
6982,6982,0,0
6983,6983,0,0
6984,6984,0,4
6985,6985,0,1
6986,6986,0,11
6987,6987,0,4
6988,6988,0,-7
6989,6989,0,10
6990,6990,0,2
6991,6991,0,6
6992,6992,0,0
6993,6993,0,17
6994,6994,0,6
6995,6995,0,2
6996,6996,0,7
6997,6997,0,4
6998,6998,0,4
6999,6999,0,21
7000,7000,0,12
7001,7001,0,4
7002,7002,0,1
7003,7003,0,9
7004,7004,0,-11
7005,7005,0,4
7006,7006,0,-3
7007,7007,0,3
7008,7008,0,19
7009,7009,0,20
7010,7010,0,12
7011,7011,0,-4
7012,7012,0,8
7013,7013,0,9
7014,7014,0,17
7015,7015,0,17
7016,7016,0,18
7017,7017,0,11
7018,7018,0,30
7019,7019,0,14
7020,7020,0,3
7021,7021,0,12
7022,7022,0,6
7023,7023,0,4
7024,7024,0,11
7025,7025,0,16
7026,7026,0,23
7027,7027,0,10
7028,7028,0,18
7029,7029,0,20
7030,7030,0,11
7031,7031,0,23
7032,7032,0,22
7033,7033,0,19
7034,7034,0,26
7035,7035,0,9
7036,7036,0,17
7037,7037,0,20
7038,7038,0,8
7039,7039,0,14
7040,7040,0,25
7041,7041,0,21
7042,7042,0,19
7043,7043,0,14
7044,7044,0,16
7045,7045,0,16
7046,7046,0,11
7047,7047,0,5
7048,7048,0,16
7049,7049,0,20
7050,7050,0,24
7051,7051,0,21
7052,7052,0,18
7053,7053,0,16
7054,7054,0,15
7055,7055,0,7
7056,7056,0,-1
7057,7057,0,10
7058,7058,0,24
7059,7059,0,27
7060,7060,0,20
7061,7061,0,12
7062,7062,0,0
7063,7063,0,15
7064,7064,0,18
7065,7065,0,17
7066,7066,0,21
7067,7067,0,15
7068,7068,0,10
7069,7069,0,21
7070,7070,0,7
7071,7071,0,2
7072,7072,0,13
7073,7073,0,13
7074,7074,0,12
7075,7075,0,14
7076,7076,0,2
7077,7077,0,9
7078,7078,0,20
7079,7079,0,16
7080,7080,0,9
7081,7081,0,27
7082,7082,0,21
7083,7083,0,25
7084,7084,0,2
7085,7085,0,13
7086,7086,0,13
7087,7087,0,11
7088,7088,0,28
7089,7089,0,14
7090,7090,0,19
7091,7091,0,18
7092,7092,0,15
7093,7093,0,19
7094,7094,0,9
7095,7095,0,6
7096,7096,0,0
7097,7097,0,0
7098,7098,0,10
7099,7099,0,10
7100,7100,0,7
7101,7101,0,11
7102,7102,0,12
7103,7103,0,6
7104,7104,0,4
7105,7105,0,14
7106,7106,0,4
7107,7107,0,-12
7108,7108,0,1
7109,7109,0,16
7110,7110,0,9
7111,7111,0,7
7112,7112,0,8
7113,7113,0,17
7114,7114,0,8
7115,7115,0,9
7116,7116,0,-5
7117,7117,0,9
7118,7118,0,10
7119,7119,0,9
7120,7120,0,3
7121,7121,0,5
7122,7122,0,-12
7123,7123,0,6
7124,7124,0,3
7125,7125,0,11
7126,7126,0,-2
7127,7127,0,0
7128,7128,0,-2
7129,7129,0,11
7130,7130,0,10
7131,7131,0,12
7132,7132,0,9
7133,7133,0,1
7134,7134,0,3
7135,7135,0,1
7136,7136,0,2
7137,7137,0,4
7138,7138,0,3
7139,7139,0,3
7140,7140,0,5
7141,7141,0,-7
7142,7142,0,2
7143,7143,0,4
7144,7144,0,13
7145,7145,0,11
7146,7146,0,-5
7147,7147,0,12
7148,7148,0,19
7149,7149,0,12
7150,7150,0,8
7151,7151,0,3
7152,7152,0,12
7153,7153,0,5
7154,7154,0,10
7155,7155,0,1
7156,7156,0,13
7157,7157,0,13
7158,7158,0,19
7159,7159,0,13
7160,7160,0,17
7161,7161,0,12
7162,7162,0,2
7163,7163,0,16
7164,7164,0,25
7165,7165,0,18
7166,7166,0,12
7167,7167,0,18
7168,7168,0,4
7169,7169,0,18
7170,7170,0,8
7171,7171,0,23
7172,7172,0,11
7173,7173,0,-4
7174,7174,0,15
7175,7175,0,4
7176,7176,0,8
7177,7177,0,4
7178,7178,0,18
7179,7179,0,15
7180,7180,0,17
7181,7181,0,-4
7182,7182,0,20
7183,7183,0,16
7184,7184,0,22
7185,7185,0,21
7186,7186,0,18
7187,7187,0,19
7188,7188,0,21
7189,7189,0,17
7190,7190,0,6
7191,7191,0,17
7192,7192,0,17
7193,7193,0,19
7194,7194,0,12
7195,7195,0,22
7196,7196,0,12
7197,7197,0,7
7198,7198,0,15
7199,7199,0,15
7200,7200,0,13
7201,7201,0,5
7202,7202,0,13
7203,7203,0,19
7204,7204,0,14
7205,7205,0,24
7206,7206,0,27
7207,7207,0,14
7208,7208,0,23
7209,7209,0,12
7210,7210,0,13
7211,7211,0,28
7212,7212,0,22
7213,7213,0,28
7214,7214,0,19
7215,7215,0,2
7216,7216,0,21
7217,7217,0,10
7218,7218,0,12
7219,7219,0,7
7220,7220,0,22
7221,7221,0,19
7222,7222,0,13
7223,7223,0,17
7224,7224,0,18
7225,7225,0,12
7226,7226,0,16
7227,7227,0,11
7228,7228,0,13
7229,7229,0,29
7230,7230,0,10
7231,7231,0,28
7232,7232,0,16
7233,7233,0,13
7234,7234,0,8
7235,7235,0,14
7236,7236,0,20
7237,7237,0,14
7238,7238,0,13
7239,7239,0,13
7240,7240,0,14
7241,7241,0,14
7242,7242,0,17
7243,7243,0,19
7244,7244,0,22
7245,7245,0,26
7246,7246,0,11
7247,7247,0,18
7248,7248,0,24
7249,7249,0,18
7250,7250,0,21
7251,7251,0,1
7252,7252,0,3
7253,7253,0,11
7254,7254,0,7
7255,7255,0,-4
7256,7256,0,9
7257,7257,0,12
7258,7258,0,13
7259,7259,0,3
7260,7260,0,6
7261,7261,0,12
7262,7262,0,24
7263,7263,0,-1
7264,7264,0,11
7265,7265,0,2
7266,7266,0,3
7267,7267,0,14
7268,7268,0,7
7269,7269,0,11
7270,7270,0,10
7271,7271,0,4
7272,7272,0,3
7273,7273,0,17
7274,7274,0,21
7275,7275,0,19
7276,7276,0,0
7277,7277,0,7
7278,7278,0,-2
7279,7279,0,-2
7280,7280,0,0
7281,7281,0,4
7282,7282,0,13
7283,7283,0,-3
7284,7284,0,4
7285,7285,0,5
7286,7286,0,15
7287,7287,0,-4
7288,7288,0,10
7289,7289,0,9
7290,7290,0,3
7291,7291,0,6
7292,7292,0,14
7293,7293,0,-4
7294,7294,0,12
7295,7295,0,9
7296,7296,0,6
7297,7297,0,7
7298,7298,0,8
7299,7299,0,14
7300,7300,0,2
7301,7301,0,1
7302,7302,0,0
7303,7303,0,4
7304,7304,0,-2
7305,7305,0,4
7306,7306,0,2
7307,7307,0,6
7308,7308,0,12
7309,7309,0,4
7310,7310,0,0
7311,7311,0,3
7312,7312,0,-3
7313,7313,0,11
7314,7314,0,11
7315,7315,0,10
7316,7316,0,5
7317,7317,0,10
7318,7318,0,11
7319,7319,0,6
7320,7320,0,15
7321,7321,0,11
7322,7322,0,13
7323,7323,0,13
7324,7324,0,4
7325,7325,0,10
7326,7326,0,12
7327,7327,0,10
7328,7328,0,15
7329,7329,0,15
7330,7330,0,14
7331,7331,0,6
7332,7332,0,7
7333,7333,0,10
7334,7334,0,6
7335,7335,0,11
7336,7336,0,3
7337,7337,0,23
7338,7338,0,2
7339,7339,0,12
7340,7340,0,22
7341,7341,0,14
7342,7342,0,14
7343,7343,0,24
7344,7344,0,17
7345,7345,0,20
7346,7346,0,13
7347,7347,0,12
7348,7348,0,11
7349,7349,0,19
7350,7350,0,21
7351,7351,0,19
7352,7352,0,26
7353,7353,0,25
7354,7354,0,21
7355,7355,0,8
7356,7356,0,6
7357,7357,0,20
7358,7358,0,6
7359,7359,0,19
7360,7360,0,30
7361,7361,0,29
7362,7362,0,18
7363,7363,0,13
7364,7364,0,20
7365,7365,0,28
7366,7366,0,18
7367,7367,0,21
7368,7368,0,18
7369,7369,0,24
7370,7370,0,22
7371,7371,0,14
7372,7372,0,9
7373,7373,0,25
7374,7374,0,23
7375,7375,0,11
7376,7376,0,21
7377,7377,0,29
7378,7378,0,18
7379,7379,0,9
7380,7380,0,24
7381,7381,0,26
7382,7382,0,25
7383,7383,0,27
7384,7384,0,18
7385,7385,0,18
7386,7386,0,23
7387,7387,0,18
7388,7388,0,18
7389,7389,0,26
7390,7390,0,11
7391,7391,0,5
7392,7392,0,10
7393,7393,0,10
7394,7394,0,-7
7395,7395,0,10
7396,7396,0,12
7397,7397,0,16
7398,7398,0,14
7399,7399,0,19
7400,7400,0,11
7401,7401,0,18
7402,7402,0,13
7403,7403,0,13
7404,7404,0,10
7405,7405,0,12
7406,7406,0,-2
7407,7407,0,8
7408,7408,0,10
7409,7409,0,13
7410,7410,0,8
7411,7411,0,16
7412,7412,0,12
7413,7413,0,18
7414,7414,0,9
7415,7415,0,0
7416,7416,0,4
7417,7417,0,9
7418,7418,0,9
7419,7419,0,16
7420,7420,0,13
7421,7421,0,21
7422,7422,0,6
7423,7423,0,-6
7424,7424,0,8
7425,7425,0,4
7426,7426,0,17
7427,7427,0,11
7428,7428,0,13
7429,7429,0,12
7430,7430,0,5
7431,7431,0,5
7432,7432,0,-4
7433,7433,0,7
7434,7434,0,-6
7435,7435,0,-4
7436,7436,0,-1
7437,7437,0,12
7438,7438,0,12
7439,7439,0,9
7440,7440,0,2
7441,7441,0,1
7442,7442,0,3
7443,7443,0,10
7444,7444,0,7
7445,7445,0,3
7446,7446,0,4
7447,7447,0,3
7448,7448,0,9
7449,7449,0,-3
7450,7450,0,11
7451,7451,0,7
7452,7452,0,-5
7453,7453,0,-1
7454,7454,0,0
7455,7455,0,2
7456,7456,0,4
7457,7457,0,2
7458,7458,0,2
7459,7459,0,6
7460,7460,0,-4
7461,7461,0,0
7462,7462,0,-1
7463,7463,0,-1
7464,7464,0,8
7465,7465,0,1
7466,7466,0,4
7467,7467,0,4
7468,7468,0,13
7469,7469,0,0
7470,7470,0,6
7471,7471,0,7
7472,7472,0,9
7473,7473,0,13
7474,7474,0,6
7475,7475,0,7
7476,7476,0,6
7477,7477,0,5
7478,7478,0,9
7479,7479,0,19
7480,7480,0,10
7481,7481,0,10
7482,7482,0,12
7483,7483,0,7
7484,7484,0,17
7485,7485,0,7
7486,7486,0,22
7487,7487,0,6
7488,7488,0,21
7489,7489,0,10
7490,7490,0,9
7491,7491,0,5
7492,7492,0,17
7493,7493,0,12
7494,7494,0,14
7495,7495,0,18
7496,7496,0,24
7497,7497,0,4
7498,7498,0,10
7499,7499,0,14
7500,7500,0,22
7501,7501,0,14
7502,7502,0,16
7503,7503,0,25
7504,7504,0,30
7505,7505,0,11
7506,7506,0,21
7507,7507,0,23
7508,7508,0,11
7509,7509,0,9
7510,7510,0,18
7511,7511,0,7
7512,7512,0,11
7513,7513,0,15
7514,7514,0,14
7515,7515,0,17
7516,7516,0,27
7517,7517,0,34
7518,7518,0,21
7519,7519,0,14
7520,7520,0,12
7521,7521,0,14
7522,7522,0,20
7523,7523,0,21
7524,7524,0,12
7525,7525,0,12
7526,7526,0,20
7527,7527,0,24
7528,7528,0,12
7529,7529,0,23
7530,7530,0,13
7531,7531,0,9
7532,7532,0,10
7533,7533,0,11
7534,7534,0,19
7535,7535,0,15
7536,7536,0,37
7537,7537,0,22
7538,7538,0,14
7539,7539,0,20
7540,7540,0,17
7541,7541,0,26
7542,7542,0,27
7543,7543,0,16
7544,7544,0,11
7545,7545,0,9
7546,7546,0,1
7547,7547,0,15
7548,7548,0,20
7549,7549,0,29
7550,7550,0,16
7551,7551,0,30
7552,7552,0,13
7553,7553,0,15
7554,7554,0,18
7555,7555,0,21
7556,7556,0,20
7557,7557,0,26
7558,7558,0,11
7559,7559,0,12
7560,7560,0,20
7561,7561,0,21
7562,7562,0,18
7563,7563,0,-4
7564,7564,0,13
7565,7565,0,19
7566,7566,0,10
7567,7567,0,10
7568,7568,0,16
7569,7569,0,13
7570,7570,0,8
7571,7571,0,15
7572,7572,0,15
7573,7573,0,17
7574,7574,0,13
7575,7575,0,12
7576,7576,0,7
7577,7577,0,4
7578,7578,0,10
7579,7579,0,11
7580,7580,0,16
7581,7581,0,1
7582,7582,0,-3
7583,7583,0,8
7584,7584,0,8
7585,7585,0,6
7586,7586,0,6
7587,7587,0,6
7588,7588,0,21
7589,7589,0,23
7590,7590,0,7
7591,7591,0,3
7592,7592,0,-7
7593,7593,0,1
7594,7594,0,2
7595,7595,0,6
7596,7596,0,-3
7597,7597,0,4
7598,7598,0,8
7599,7599,0,20
7600,7600,0,2
7601,7601,0,0
7602,7602,0,-12
7603,7603,0,-13
7604,7604,0,1
7605,7605,0,7
7606,7606,0,10
7607,7607,0,-1
7608,7608,0,11
7609,7609,0,-1
7610,7610,0,-10
7611,7611,0,-3
7612,7612,0,6
7613,7613,0,2
7614,7614,0,5
7615,7615,0,5
7616,7616,0,-3
7617,7617,0,3
7618,7618,0,1
7619,7619,0,4
7620,7620,0,6
7621,7621,0,13
7622,7622,0,8
7623,7623,0,-6
7624,7624,0,2
7625,7625,0,9
7626,7626,0,11
7627,7627,0,6
7628,7628,0,2
7629,7629,0,5
7630,7630,0,0
7631,7631,0,13
7632,7632,0,12
7633,7633,0,11
7634,7634,0,4
7635,7635,0,8
7636,7636,0,-7
7637,7637,0,0
7638,7638,0,-1
7639,7639,0,0
7640,7640,0,8
7641,7641,0,10
7642,7642,0,1
7643,7643,0,12
7644,7644,0,14
7645,7645,0,25
7646,7646,0,17
7647,7647,0,12
7648,7648,0,3
7649,7649,0,16
7650,7650,0,20
7651,7651,0,3
7652,7652,0,18
7653,7653,0,21
7654,7654,0,29
7655,7655,0,17
7656,7656,0,4
7657,7657,0,19
7658,7658,0,17
7659,7659,0,11
7660,7660,0,14
7661,7661,0,20
7662,7662,0,15
7663,7663,0,4
7664,7664,0,10
7665,7665,0,15
7666,7666,0,14
7667,7667,0,12
7668,7668,0,8
7669,7669,0,22
7670,7670,0,20
7671,7671,0,17
7672,7672,0,25
7673,7673,0,13
7674,7674,0,20
7675,7675,0,18
7676,7676,0,12
7677,7677,0,14
7678,7678,0,7
7679,7679,0,6
7680,7680,0,19
7681,7681,0,10
7682,7682,0,13
7683,7683,0,20
7684,7684,0,16
7685,7685,0,16
7686,7686,0,17
7687,7687,0,14
7688,7688,0,30
7689,7689,0,22
7690,7690,0,15
7691,7691,0,12
7692,7692,0,17
7693,7693,0,19
7694,7694,0,16
7695,7695,0,23
7696,7696,0,28
7697,7697,0,12
7698,7698,0,15
7699,7699,0,22
7700,7700,0,15
7701,7701,0,17
7702,7702,0,29
7703,7703,0,25
7704,7704,0,29
7705,7705,0,11
7706,7706,0,16
7707,7707,0,19
7708,7708,0,19
7709,7709,0,4
7710,7710,0,20
7711,7711,0,20
7712,7712,0,10
7713,7713,0,14
7714,7714,0,24
7715,7715,0,18
7716,7716,0,23
7717,7717,0,3
7718,7718,0,13
7719,7719,0,18
7720,7720,0,8
7721,7721,0,16
7722,7722,0,6
7723,7723,0,10
7724,7724,0,9
7725,7725,0,4
7726,7726,0,17
7727,7727,0,7
7728,7728,0,19
7729,7729,0,15
7730,7730,0,12
7731,7731,0,12
7732,7732,0,4
7733,7733,0,7
7734,7734,0,14
7735,7735,0,17
7736,7736,0,16
7737,7737,0,9
7738,7738,0,23
7739,7739,0,15
7740,7740,0,14
7741,7741,0,13
7742,7742,0,2
7743,7743,0,2
7744,7744,0,-3
7745,7745,0,4
7746,7746,0,12
7747,7747,0,5
7748,7748,0,19
7749,7749,0,7
7750,7750,0,14
7751,7751,0,1
7752,7752,0,-7
7753,7753,0,-4
7754,7754,0,11
7755,7755,0,8
7756,7756,0,-1
7757,7757,0,-6
7758,7758,0,-7
7759,7759,0,2
7760,7760,0,-9
7761,7761,0,15
7762,7762,0,6
7763,7763,0,4
7764,7764,0,4
7765,7765,0,-3
7766,7766,0,5
7767,7767,0,18
7768,7768,0,10
7769,7769,0,-4
7770,7770,0,-3
7771,7771,0,1
7772,7772,0,-5
7773,7773,0,-1
7774,7774,0,2
7775,7775,0,0
7776,7776,0,-6
7777,7777,0,5
7778,7778,0,20
7779,7779,0,7
7780,7780,0,0
7781,7781,0,-1
7782,7782,0,14
7783,7783,0,3
7784,7784,0,2
7785,7785,0,-2
7786,7786,0,0
7787,7787,0,12
7788,7788,0,7
7789,7789,0,0
7790,7790,0,3
7791,7791,0,3
7792,7792,0,-1
7793,7793,0,-1
7794,7794,0,11
7795,7795,0,14
7796,7796,0,15
7797,7797,0,14
7798,7798,0,17
7799,7799,0,2
7800,7800,0,5
7801,7801,0,0
7802,7802,0,24
7803,7803,0,7
7804,7804,0,-4
7805,7805,0,15
7806,7806,0,11
7807,7807,0,0
7808,7808,0,9
7809,7809,0,9
7810,7810,0,8
7811,7811,0,6
7812,7812,0,7
7813,7813,0,2
7814,7814,0,11
7815,7815,0,12
7816,7816,0,13
7817,7817,0,22
7818,7818,0,13
7819,7819,0,5
7820,7820,0,12
7821,7821,0,17
7822,7822,0,13
7823,7823,0,16
7824,7824,0,19
7825,7825,0,25
7826,7826,0,19
7827,7827,0,17
7828,7828,0,14
7829,7829,0,26
7830,7830,0,11
7831,7831,0,30
7832,7832,0,15
7833,7833,0,17
7834,7834,0,15
7835,7835,0,22
7836,7836,0,17
7837,7837,0,20
7838,7838,0,16
7839,7839,0,10
7840,7840,0,25
7841,7841,0,16
7842,7842,0,12
7843,7843,0,17
7844,7844,0,6
7845,7845,0,10
7846,7846,0,28
7847,7847,0,28
7848,7848,0,28
7849,7849,0,11
7850,7850,0,14
7851,7851,0,11
7852,7852,0,14
7853,7853,0,27
7854,7854,0,14
7855,7855,0,26
7856,7856,0,19
7857,7857,0,26
7858,7858,0,0
7859,7859,0,21
7860,7860,0,14
7861,7861,0,26
7862,7862,0,28
7863,7863,0,22
7864,7864,0,33
7865,7865,0,23
7866,7866,0,4
7867,7867,0,24
7868,7868,0,12
7869,7869,0,24
7870,7870,0,17
7871,7871,0,17
7872,7872,0,24
7873,7873,0,19
7874,7874,0,24
7875,7875,0,15
7876,7876,0,13
7877,7877,0,16
7878,7878,0,17
7879,7879,0,18
7880,7880,0,15
7881,7881,0,16
7882,7882,0,15
7883,7883,0,4
7884,7884,0,22
7885,7885,0,17
7886,7886,0,20
7887,7887,0,8
7888,7888,0,15
7889,7889,0,11
7890,7890,0,12
7891,7891,0,14
7892,7892,0,20
7893,7893,0,12
7894,7894,0,13
7895,7895,0,6
7896,7896,0,3
7897,7897,0,6
7898,7898,0,21
7899,7899,0,5
7900,7900,0,15
7901,7901,0,1
7902,7902,0,-5
7903,7903,0,11
7904,7904,0,19
7905,7905,0,13
7906,7906,0,-5
7907,7907,0,2
7908,7908,0,9
7909,7909,0,10
7910,7910,0,11
7911,7911,0,4
7912,7912,0,14
7913,7913,0,-2
7914,7914,0,1
7915,7915,0,13
7916,7916,0,8
7917,7917,0,20
7918,7918,0,3
7919,7919,0,9
7920,7920,0,11
7921,7921,0,11
7922,7922,0,-2
7923,7923,0,3
7924,7924,0,8
7925,7925,0,1
7926,7926,0,12
7927,7927,0,8
7928,7928,0,2
7929,7929,0,7
7930,7930,0,3
7931,7931,0,6
7932,7932,0,5
7933,7933,0,4
7934,7934,0,2
7935,7935,0,0
7936,7936,0,0
7937,7937,0,-1
7938,7938,0,1
7939,7939,0,-1
7940,7940,0,-1
7941,7941,0,4
7942,7942,0,8
7943,7943,0,-1
7944,7944,0,3
7945,7945,0,7
7946,7946,0,-4
7947,7947,0,-1
7948,7948,0,5
7949,7949,0,3
7950,7950,0,-2
7951,7951,0,0
7952,7952,0,5
7953,7953,0,2
7954,7954,0,14
7955,7955,0,11
7956,7956,0,11
7957,7957,0,7
7958,7958,0,8
7959,7959,0,19
7960,7960,0,6
7961,7961,0,11
7962,7962,0,17
7963,7963,0,1
7964,7964,0,14
7965,7965,0,13
7966,7966,0,13
7967,7967,0,14
7968,7968,0,10
7969,7969,0,7
7970,7970,0,14
7971,7971,0,25
7972,7972,0,5
7973,7973,0,14
7974,7974,0,19
7975,7975,0,20
7976,7976,0,17
7977,7977,0,12
7978,7978,0,32
7979,7979,0,21
7980,7980,0,15
7981,7981,0,16
7982,7982,0,18
7983,7983,0,15
7984,7984,0,10
7985,7985,0,16
7986,7986,0,14
7987,7987,0,4
7988,7988,0,8
7989,7989,0,13
7990,7990,0,19
7991,7991,0,17
7992,7992,0,17
7993,7993,0,13
7994,7994,0,8
7995,7995,0,5
7996,7996,0,19
7997,7997,0,31
7998,7998,0,26
7999,7999,0,21
8000,8000,0,21
8001,8001,0,16
8002,8002,0,19
8003,8003,0,23
8004,8004,0,21
8005,8005,0,9
8006,8006,0,25
8007,8007,0,28
8008,8008,0,24
8009,8009,0,20
8010,8010,0,29
8011,8011,0,9
8012,8012,0,11
8013,8013,0,8
8014,8014,0,9
8015,8015,0,18
8016,8016,0,-1
8017,8017,0,17
8018,8018,0,24
8019,8019,0,17
8020,8020,0,17
8021,8021,0,16
8022,8022,0,12
8023,8023,0,6
8024,8024,0,19
8025,8025,0,23
8026,8026,0,12
8027,8027,0,18
8028,8028,0,9
8029,8029,0,7
8030,8030,0,9
8031,8031,0,6
8032,8032,0,-4
8033,8033,0,2
8034,8034,0,2
8035,8035,0,11
8036,8036,0,4
8037,8037,0,8
8038,8038,0,14
8039,8039,0,23
8040,8040,0,23
8041,8041,0,12
8042,8042,0,9
8043,8043,0,7
8044,8044,0,11
8045,8045,0,13
8046,8046,0,11
8047,8047,0,6
8048,8048,0,15
8049,8049,0,20
8050,8050,0,11
8051,8051,0,13
8052,8052,0,6
8053,8053,0,13
8054,8054,0,18
8055,8055,0,19
8056,8056,0,20
8057,8057,0,4
8058,8058,0,11
8059,8059,0,10
8060,8060,0,9
8061,8061,0,11
8062,8062,0,13
8063,8063,0,0
8064,8064,0,1
8065,8065,0,4
8066,8066,0,6
8067,8067,0,11
8068,8068,0,9
8069,8069,0,11
8070,8070,0,12
8071,8071,0,9
8072,8072,0,4
8073,8073,0,-1
8074,8074,0,17
8075,8075,0,19
8076,8076,0,13
8077,8077,0,-3
8078,8078,0,1
8079,8079,0,8
8080,8080,0,-1
8081,8081,0,-1
8082,8082,0,5
8083,8083,0,7
8084,8084,0,2
8085,8085,0,15
8086,8086,0,15
8087,8087,0,2
8088,8088,0,-3
8089,8089,0,5
8090,8090,0,6
8091,8091,0,-1
8092,8092,0,7
8093,8093,0,6
8094,8094,0,-4
8095,8095,0,9
8096,8096,0,12
8097,8097,0,0
8098,8098,0,3
8099,8099,0,-2
8100,8100,0,12
8101,8101,0,1
8102,8102,0,6
8103,8103,0,8
8104,8104,0,4
8105,8105,0,7
8106,8106,0,-4
8107,8107,0,4
8108,8108,0,7
8109,8109,0,13
8110,8110,0,4
8111,8111,0,6
8112,8112,0,11
8113,8113,0,7
8114,8114,0,17
8115,8115,0,15
8116,8116,0,8
8117,8117,0,11
8118,8118,0,5
8119,8119,0,4
8120,8120,0,1
8121,8121,0,6
8122,8122,0,16
8123,8123,0,8
8124,8124,0,22
8125,8125,0,12
8126,8126,0,4
8127,8127,0,15
8128,8128,0,22
8129,8129,0,8
8130,8130,0,6
8131,8131,0,5
8132,8132,0,2
8133,8133,0,11
8134,8134,0,20
8135,8135,0,7
8136,8136,0,17
8137,8137,0,13
8138,8138,0,5
8139,8139,0,19
8140,8140,0,10
8141,8141,0,15
8142,8142,0,13
8143,8143,0,16
8144,8144,0,16
8145,8145,0,19
8146,8146,0,15
8147,8147,0,7
8148,8148,0,29
8149,8149,0,13
8150,8150,0,12
8151,8151,0,13
8152,8152,0,19
8153,8153,0,11
8154,8154,0,17
8155,8155,0,11
8156,8156,0,2
8157,8157,0,2
8158,8158,0,13
8159,8159,0,11
8160,8160,0,13
8161,8161,0,16
8162,8162,0,14
8163,8163,0,29
8164,8164,0,4
8165,8165,0,11
8166,8166,0,3
8167,8167,0,10
8168,8168,0,12
8169,8169,0,26
8170,8170,0,23
8171,8171,0,21
8172,8172,0,24
8173,8173,0,35
8174,8174,0,22
8175,8175,0,14
8176,8176,0,31
8177,8177,0,15
8178,8178,0,25
8179,8179,0,23
8180,8180,0,23
8181,8181,0,24
8182,8182,0,14
8183,8183,0,15
8184,8184,0,15
8185,8185,0,18
8186,8186,0,22
8187,8187,0,16
8188,8188,0,14
8189,8189,0,10
8190,8190,0,16
8191,8191,0,11
